Species	BEA	CAL	GI	ABO1	ABO2	ABO3	ENC1	ANDA	ENC2	SEN1	SEN2	EE01	EE02	EE03	EE04	EE05	EM01	EM02	EM03	EM04	EM05	IE01	IE02	IE03	IE04	IE05	IMA01	IMA02	IMA03	IMA04	IMA05	IMB06	IMB07	IMB08	IMB09	IMB10	IMB11	IMC12	IMC13	IMC14	IMC15	UE01	UE02	UE03	UE04	UE05	ZE01	ZE02	ZE03	ZE04	ZE05	ZM01	ZM02	ZM03	ZM04	ZM05
Abies alba	0	0	0	0	0	0	0	0	0	0	0	0	0	0	0	0	0	0	0	0	0	0	0.0005	0	0	0	0	0	0	0	0	0	0	0	0	0	0	0	0	0	0	0	0	0	0	0	0.15	0	0.001	0	0	0	0	0	0	0
Acer campestre	18	30	16	84.25	15.5	63	15	50	2.5	30	18.5	39.55	8.25	17.25	16.85	10	2.45	20.15	64.5	6.66	10.5	0.75	6	0.9	0.65	0.23	0.115	6.15	2.325	0.76	30.9	15.45	10.4	0.6	5.25	3.04	3.15	15.505	13.25	15.01	0.38	15.65	8.35	1.55	0.55	25.7	31.1	15	48.15	17.5	5	5	7.225	30.185	17.5	37.5
Acer monspessulanum 	0	0	0	0	0	0	0	0	0	0	0	0	0	0	0	0	0	0	0	0	0	0	0	0	0	0	0	0	0	0	0	0	0	0	0	0	0	0	0	0	0	0	0	0	0	0	0	0	0	0	0	0.1	0	0	0	0
Acer opalus	0	0	0	0	0	0	0	0	0	0	0	0	0	0	0	0	0	0	0	0	0	0.025	0.1	0.005	0.3	0.01	0	0	0	0	0	0	0	0	0	0	0	0	0	0	0	0	0	0	0	0.0405	0	0	0	0.05	0	0	0	0	0.05	0
Acer pseudoplatanus 	0	0	0	0	0	0	0	0	0	0	48.5	0	0.005	0.015	0.005	0.001	0.02	0	0	0	0	0	0.005	0.01	0	0	0.0025	2	0	0	0	0	0	5.015	0.9	0	12.0015	0	0	5.5	0	0	0	0	0	0	0	0	0	0	0	0	0	0	0	0
Aconitum napellus 	0	0	0	0	0.125	0	0	0.35005	1.25005	1.5	0.005	0	0	0	0	0	0	0	0	0	0	0	0	0	0	0	0	0	0	0	0	0	0	0	0	0	0	0	0	0	0	0	0	0	0	0	0	0	0	0	0	0	0	0	0	0
Aconitum vulparia subsp neapolitanum 	0	0	0	0.015	6.775	0	0	8	0.35	0.9	0.35	0	0	0	0	0	0	0	0	0	0	0	0	0	0	0	0	0	0	0	0	0	0	0	0	0	0	0	0	0	0	0	0	0	0	0	0	0	0	0	0	0	0	0	0	0
Adenostyles alliariae	0	0	0	0	0	0	0	0	0	0	0	0	0	0	0	0	0	0	0	0	0	0.5	0	0	0	0.15	0	0	0	0	0	0	0	0	0	0	0	0	0	0	0	0	0	0	0.125	0	0	0	0	0	0	0	0	0	0	0
Aesculus hippocastanum 	0	0	0	0	0	0	0	0	0	0.70501465	0	0	0	0	0	0	0	0	0	0	0	0	0	0	0	0	0	0	0	0	0	0	0	0	0	0	0	0	0	0	0	0	0	0	0	0	0	0	0	0	0	0	0	0	0	0
Agrimonia eupatoria	0	0	0	0	0	0	0	0	0	0	0	0.01	0	0	0	0	0	0	0	0.02	0	0	0	0	0	0	0	0	0	0	0	0	0	0	0	0	0	0.025	0	0	0	0	0	0	0	0	0	0.05	0.025	0	0	0	0	0	0	0
Agrostis capillaris 	0	0	0	0	0	0	0.54975	0	0	0	0	0	0.007	0	0	0.001	0	0	0	0	0	0	0	0.05	0	0	0	0	0	0	0	0	0	0	0	0	0	0	0	0	0	0	0	0	0.01	0	0	0	0.06	0	0	0	0.0105	0	0	0
Agrostis stolonifera	0	0	0	0	0.25	0	0	0.0005	0.25	0.75	0.25	0.005	0.0035	0	0	0.015	0	0	0	0	0.525	0	0	0.05	0	0.005	0.3	0.02	0.025	3.75	0	0	0	0	0.015	0	0.6	0	0	0	2	0.005	0	0	0.15	0	0	0.05	0	0	0.05	0	0.3505	0.05	0	0
Ajuga reptans	0.2	0.03	0.04	0.1	0.005	0.2	0.55	0	0.0075	0	0.035	0	0	0	0	0	0	0.005	0	0	0	0.23	0	0.15	0.015	0	0	0	0	0	0	0	0	0	0	0	0	0	0	0	0	5.5	0.005	0	0.06	0	0.255	0.05	0.401	0	0.05	0.05	0	0	0.05	0
Alliaria petiolata	0	0	0	0.2	0.03	0	0	0.00055	0	0.5	2.1	0.02	0.9	0.045	0.101	0.0255	0.165	3.55	0.8	0.065	0.85	0.0005	0.15	0.0525	0.15	0.15	0	0.325	0.0255	0	0.78	0.85	0.005	0.3	0	2.5	0.0005	0	0.02	0.55	0.06	0.8	0.0015	0.0005	0.01	0.006	0.0055	0	0.055	0.55	0.05	0	0.019	0.065	0	5
Allium oleraceum 	0	10	0	0	0	0	0	0	0	0	0	0	0	0	0	0	0	0	0	0.03	0	0	0	0	0	0	0	0	0.005	0	0	0	0	0	0	0	0	0	0	0.05	0.0105	0	0	0	0	0	0	0	0	0	0	0	0	0	0	0
Allium ursinum 	0.03	10	0	0	0.515	0	0	0	0	52.5	0	0	0	0	0	0	0	0	0	0	0	0	0	0	0	0	0	0	0	0	0	0	0	0	0	0	0	0	0	0	0	0	0	0	0	1	0	0	0	0	0	0	0	0	0	0
Alnus glutinosa	0	0	0	0	7	0	0	1.5	70	0	0	0	0	0	0	0	0	0	0	0	0	57.5	0	14.105	26	2.001	96.125	98.15	70.005	55.415	26.1	0	25	70.6005	0	29	63.2	0	0	90.14	0	0	0	50	30	0	0	0	0	0	0	0	0	0	0	0
Anagallis arvensis	0	0	0	0	0	0	0	0	0	0	0	0	0	0	0	0	0	0	0	0.0015	0.0025	0	0	0	0	0	0	0	0	0	0.001	0	0	0	0	0.0015	0	0	0	0	0.0005	0	0	0	0	0	0	0	0	0	0	0	0	0.0005	0	0
Anemone nemorosa	0	0	0	0	0	0	0	0	0	0	0	0	0	0	0	0	0	0	0	0	0	0	0	0.005	0.02	0.08	0	0	0	0	0	0	0	0	0	0	0	0	0	0	0	0	0	0	0	0	0	0	0	0	0	0	0	0	0	0
Anemone ranunculoides	0	0	0	0	1.01	0	0	0	0	0.015	0	0	0	0	0	0	0	0	0	0	0	0	0	0	0	0	0	0	0	0	0	0	0	0	0	0	0	0	0	0	0	0	0	0	0	0	0	0	0	0	0	0	0	0	0	0
Angelica sylvestris 	0	0	0	0	0	0	0	0	1.505	0	0	0	0	0	0	0	0	0	0	0	0	0	0	0.2	0	0.05	0.515	1.25	0	0.0505	0	0	0	0	0	0.75	2.2	0	0	0	0	0.8	0	0.4	0.45	0	0.3	0	0	0	0	0	0.04	0	0	0
Anthoxanthum odoratum	0	0	0.355	0	0.5	0	0	0	0	0.1	0	0.65	0	0	0	0	0	0	0	0	0.005	0	0	0	0	0.0005	0.0005	0	0	0	0	0	0	0	0	0	0	0	0	0	0	0	0	0	0	0.005	0	0	0	0	0	0	0	0	0	0
Anthriscus sylvestris 	0	0	0	0	0.02	0	0	0.45	0	4	57.5	0	0.005	0.0005	0.03	0	0.03	0.05	0	0.005	0	0.0015	0	0.005	0	0.005	0	0	0.015	0.0055	0	0	0	0	0.005	0	0	0	0	0	0	0	0	0	1.8	0.005	0.005	0	0	0	0	0	0	0	0	17.5
Apium nodiflorum 	0	0	0	0	0	0	0	0	0	0	0	0	0	0	0	0	0	0	0	0	0	0	0	0	0	0	0	0.0025	0	0	0	0	0	0	0	0	0	0	0	0	0	0	0	0	0	0	0	0	0	0	0	0	0	0	0	0
Aquilegia vulgaris	0	0	0	0	0	0	0	0	0	0	0	0.005	0.04	0	0	0.03	0	0	0	0	0	0	0	0	0	0.0305	0	0	0.01	0	0	0	0	0	0	0	0	0	0	0	0	0	0	0	0	0	0	0.05	0.001	0	0.05	0	0	0	0	0
Arctium minus	0	0	0	0	0	0	0	0	0	0	0.0005	0.0065	0.15	0	0	0	0	0.06	0	0.9	2.75	0	0	0.005	0	0.175	0	0.75	0	0.775	0	2.15	0.1	0.44	0.05	1.5	0	0.16	0.0005	0.4	0.0005	0	0	0	0.5	0	0	0	0	0	0	0	0.005	0	0	0
Arrhenatherum elatius	0	0	0	0	0	0	0	0	0	0	0	0	0	0	0	0.05	0	0	0	0	0.0005	0	0	0	0	0	0	0	0	0.004	0	0	0	0	0	0	0	0	0	0	0	0	0	0.025	0	0.001	0	0	0	0	0	0	0	0.1025	0	0
Arum italicum 	0.0005	1.4	1.75	0.6	0.7525	1.5	0.5	0.0005	0.2	1.4	0.3	0	0	0	0	0	0	0	0	0	0	0.002	0.002	0	0	0.0005	0	0.001	0.0005	0	0	0	0.005	0	0	0	0	0	0	0.05	0	0	0.003	0	0	0	0	0	0	0	0	0	0	0	0	5
Asparagus acutifolius 	0	0	0	0	0	0	0	0	0	0	0	0	0	0	0	0	0	0	0	0	0	0	0	0	0	0	0	0	0	0	0	0	0	0	0	0	0	0	0.9025	0	0.015	0	0	0	0	0	0	0	0	0	0	0	0	0	0	0
Asparagus officinalis 	0	0	0	0	0	0	0	0	0	0	0	0	0	0	0	0	0	0	0	0	0	0	0	0	0	0	0	0	0	0	0	0	0	0	0	0	0	0.105	0	0	0.01	0	0	0	0	0	0	0	0	0	0	0	0	0	0	0
Asplenium adiantum-nigrum 	0	0	0	0	0	0	0	0	0	0	0	0	0	0	0	0	0	0	0	0	0	0	0	0	0	0	0	0	0	0	0	0	0	0	0	0	0	0	0	0	0	0	0	0	0	0.025	0	0	0	0	0	0	0	0	0	0
Astragalus glycyphyllos	0	0	0	0	0	0	0	0	0	0	0	0	0	0	0	0.005	0	0	0	0	0	0	0	0	0	0	0	0	0	0	0	0	0	0	0	0	0	0.15	0	0	0	0	0	0	1	0	0	0	0	0	0	0	0	0	0	0
Astrantia major	0	0.005	0	0	0	0	0	0	0.15	0	0	0	0	0	0	0	0	0	0	0	0	0	0	0	0	0	0	0	0	0	0	0	0	0	0	0	0	0	0	0	0	0	0	0	0	0	0	0	0	0	0	0	0	0	0	0
Atriplex patula 	0	0	0	0	0	0	0	0	0	0	0	0	0.0025	0	0.0005	0	0	0	0.001	0	0	0	0.0005	0	0.0005	0	0	0	0	0	0	0	0	0.0025	0	0	0	0	0	0	0	0	0	0	0	0	0	0	0	0	0	0	0	0	0	0
Avena sativa 	0	0	0	0	0	0	0	0	0	0	0	0	0	0	0	0	0	0	0	0	0	0	0	0	0	0	0	0	0	0	0	0	0	0	0	0	0	0	0	0	0	0	0	0	0	0	0	0	0	0	0	0	0	0.003	0	0
Bilderdykia convolvulus	0	0	0	0	0	0	0	0	0	0	0	0	0.005	0	0.0035	0.00835	0	0.005	0	0	0	0	0	0	0	0	0	0	0	0	0	0	0	0	0	0	0	0	0	0	0	0	0	0	0	0	0	0	0	0	0	0	0	0	0	0
Brachypodium phoenicoides 	0	0	0	0	0	0	0	0	0	0	0	0	0	0	0	0.2	0	0	0	0	0	0	0	0	0	0	0	0	0	0	0	0	0	0	0.1	0	0	0	0.2	0	0	0	0	0	0	0	0	0	0	0	0	0	0	0	0	0
Brachypodium phoenicoides x rupestre	0	0	0	0	0	0	0	0	0	0	0	0	0	0	0	0.25	0	0	0	0	0	0	0	0	0	0	0	0	0	0	0	0	0	0	0	0	0	0	0	0	0	0	0	0	0	0	0	0	0	0	0	0	0	0	0	0
Brachypodium phoenicoides x sylvaticum 	0	0	0	0	0	0	0	0	0	0	0	0	0	0	0	0	0	0	0	0	0	0	0	0	0	0	0	0	0	0	0	0	0	0	0	0	0	0	0	0	0.285	0	0	0	0	0	0	0	0	0	0	0	0	0	0	0
Brachypodium rupestre	0	0	0	0	0	0	0	0	0	0	0	0.05	0	0	0	2.4	0	0	0	0	0	0	0	0	0	0	0.001	0	0	0	0	0	0	0	0	0	0	0	0	0	0	0	0	0.05	0	0	1.55	0	0.05	0	0.05	0	0	0	0	0
Brachypodium rupestre x sylvaticum 	0	0	0	0	0	0	0	0	0	0	0	0	0	0	0	0.25	0	0	0	0	0	0	0	0	0	0	0	0	0	0	0	0	0	0	0	0	0	0	0	0	0	0	0	0	0	0	0	0	0	0	0	0.05	0	0	0.05	0
Brachypodium sylvaticum	0	0	0.05	0.525	8.5	0.025	2.5	75	0.3	8	8	12	31.5	61.5	25.5	32.5	51.5	60	19	91	30	17	31	25	27.5	42.5	27.5	12.5	45	22.5	0.25	65	46.5	11.5	32.5	66.5	43.5	25	23	35.5	62.5	3.5	7.5	11	14.5	4	11.5	15	9.5	15	15	15	70	55	15	37.5
Briza media	0	0	0	0	0	0	0	0	0	0	0	0	0	0	0	0	0	0	0	0	0	0	0	0.03	0	0	0	0	0	0	0	0	0	0	0	0	0	0	0	0	0	0	0	0	0	0	0	0	0	0	0	0	0	0	0	0
Bryonia dioica 	0	0	0	0	0	0	0	0	0	0	0	0	0	0	0	0	0	0	0	0	0	0	0	0	0	0	0	2.15	0	0	0	0	0	0	0	0	0	0	0	0	0	0	0	0	0	0	0	0	0	0	0	0	0	0	0	0
Bromus ramosus	0	0	0	0	0	0	0	0	0	0.0275	0.075	0.253	2.025	0.55	0.45	0.18	0.055	0.005	0	0	0	1.1	1.05	1.4	0.65	1.1	0.36	0	0.005	0.015	0	0	0	0	0.0505	0	0	0	0.35	0.055	0	2.75	0.42	2	1.4	0.502	2	0.55	0.525	3	0	0	1.7	0	0	0
Bromus sterilis 	0	0	0	0	0	0	0	0	0	0	0	0	0	0	0	0	0	0	0	0	0	0	0	0	0	0	0	0	0.06	0	0	0.0015	0	0.0015	0.0005	0	0	0.0005	0	0	0	0	0	0	0	0	0	0	0	0	0	0	0.005	0.254	0	0
Buxus sempervirens	0	0	0	0	0	0	0	0	0	0	0	10.53	0.055	3.165	8.2	38.25	1.5	0	31.1	1.05	3.03	0.1	0.125	2.75	30.165	25.1	1.0075	0.265	8.4	0.34	20.104	4.15	10.15	0.0005	0	0	0	4.75	20.075	4.525	0	0	3.085	8.01	1.03	65.45	7.4	3	33.85	17.5	17.5	37.5	0	46.05	37.5	0.1
Calamintha sylvatica	0	0	0	0	0	0	0	0	0	0	0	0	0	0.002	0	0	0	0	0	0	0	0	0	0.015	0	0	0	0	0	0	0	0	0	0	0	0	0.005	0	0	0	0.0005	0	0	0	0	0	0	0	0	0	0	0	0.0025	0	0	0
Calystegia sepium 	0	0	0	0	0	0	0	0	0	0.00005	0	0	0	0	0	0	0	0.02	0.05	0.035	0	0	0	0	0	0	0.001	0	0	0.025	0	0.0135	0	0.004	0	0.002	1.5	0	0.0005	0.275	0.0005	0	0	0	0	0	0.001	0	0	0	0	0	0	0.043	0	0
Campanula trachelium 	0	0	0	0	0	0	0	0	0	0	0	0	0	0	0	0	0	0	0	0	0	0	0.035	0.45	0.05	0.25	0.015	0	0.05	0	0	0	0	0	0	0	0	0.5	0.05	0	0	0	0	0	0.25	0	0.2	0.55	0.19	0	0	0.05	0.015	0	0	0
Cardamine flexuosa	0	0	0	0	0	0	0	0	0	0	0	0	0	0	0	0	0	0	0	0	0	0.0005	0.0005	0.005	0.0205	0.0005	0.0005	0	0	0	0	0	0	0	0	0	0	0	0	0	0	0	0	0	0	0	0	0	0	0	0	0	0	0	0	0
Cardamine hirsuta 	0	0	0	0	0	0	0.0105	0	0	0	0	0	0	0	0	0	0	0	0	0	0	0	0	0	0	0	0	0	0	0	0	0	0	0	0	0	0	0	0	0	0	0	0	0	0	0	0	0	0	0	0	0	0	0	0	0
Cardamine heptaphylla	0	0	0	0	0	0	0	0	0	0	0	0	0	0	0	0	0	0	0	0	0	0	0	0	0	0.3	0	0	0	0	0	0	0	0	0	0	0	0	0	0	0	0	0	0	0	0	0	0	0	0	0	0	0	0	0	0
Cardamine impatiens	0	0	0	0	0	0.005	0	0	0	0	0	0	0	0	0	0	0	0	0	0	0	0	0	0	0	0	0	0	0	0	0	0	0	0	0	0	0	0	0	0	0	0	0	0	0	0	0	0	0	0.05	0	0	0	0	0	0
Cardamine pratensis 	0	0	0	0.4	0.0025	0	0.0265	0	0	0	0	0	0	0	0	0	0	0	0	0	0	0.18	0	0	0	0	0	0	0	0	0	0	0	0	0	0	0	0	0	0	0	0	0	0	0	0	0	0	0	0	0	0	0	0	0	0
Cardamine raphanifolia	0	0.0025	3	0	0	0	0	0	42.5	0	0	0	0	0	0	0	0	0	0	0	0	0	0	0	0	0	0	0	0	0	0	0	0	0	0	0	0	0	0	0	0	0	0	0	0	0	0	0	0	0	0	0	0	0	0	0
Carex cuprina 	0	0	0	0	0	0	0	0	0	0	0	0	0	0	0	0	0	0	0	0	0	0	0	0	0	0	0	0	0	0	0	0	0	0	0	0	0	0	0	0	0.005	0	0	0	0	0	0	0	0	0	0	0	0	0	0	0
Carex divulsa	0	0	0	0	0	0	0	0	0	0	0	0.02	0.027	0	0.0015	0.05	0	0	0	0	0.175	0	0	0	0	0	0	0	0	0	0	0.004	0	0	0	0	0	0	0	0	2.4	0	0	0	0	0	0	0	0.0085	0	0.05	0	0	0	0	0
Carex flacca	0	0	0	0	0	0	0.005	0	0	0	0	0.026	0	0	0	3.1	0	0	0	0	0	0.5	0	0.3	0.015	0	0	0	0	0	0	0	0	0	0	0	0	0	0	0	0	0	0	0	0	0	1.8	0.05	0.45	0	0	15	0	0	0	0
Carex pendula	0	0	0.0025	0	0.005	0	0.4	0	0.05	0	0.1	0	0	0	0.1	0	0	0.15	0.5	0.55	0	0.435	0	0	1.2	1.75	18.5	28.5	0.35	2.75	0	0.7	0.9	10.5	5	0	9	0	0	0.0005	0	0	0	0	0	0	0.1	0	0	0	0.05	0	0	0	0	0
Carex remota	0	0	0	0	0.005	0	0.0025	0	0.65	0	0	0	0	0	0	0	0	0	0.002	0	0	0	0	0	0	0.0025	0.025	0	0	0.01	0	0	0	0	0	0	0	0	0	0	0	0.04	0.35	0.035	0.85	0.005	0	0	0	0.05	0.05	0	0	0	0	0
Carex sempervirens	0	0	0	0	0	0	0	0	0	0	0	0	0	0	0	0	0	0	0	0	0	0	0	0	0	2	0	0	0	0	0	0	0	0	0	0	0	0	0	0	0	0	0	0	0	0	0	0	0	0	0	0	0	0	0	0
Carex strigosa	0	0	0	0	0	0	0	0	0	0	0	0	0	0	0	0	0	0	0	0	0	1.2	0	2	0	0	0	0	0	0	0	0	0	0	0	0	0	0	0	0	0	0	0	0	0	0	0	0	0	0	0	0	0	0	0	0
Carex sylvatica 	1.5	0	0.2	0.11	0.175	0	1	0	0.05	0	0	0	0.04	0.06	2.75	0.55	0	0	0	0.025	0	1.85	0.25	8	5.5	1.005	1.05	0.51	0.8	0.03	0.005	0	0	0	0	0	0.2	0	0	0	0	0.2	0.9	0.85	0.9	0.265	11	0.05	5.5	0.05	0.05	0.05	0	0	0	0
Centaurea debeauxii	0	0	0	0	0	0	0	0	0	0	0	0	0	0	0	0	0	0	0	0	0	0	0	0	0	0	0	0	0	0	0	0	0	0	0	0	0	0	0	0	0	0	0	0	0.025	0	0	0	0	0	0	0	0	0	0	0
Centaurea jacea 	0	0	0	0	0	0	0	0	0	0	0	0	0	0	0	0	0	0	0	0	0	0	0	0	0	0	0	0	0	0	0	0	0	0	0	0	0	0	0	0	0	0	0	0	0	0	0	0	0.005	0	0	0	0	0	0	0
Centaurea scabiosa	0	0	0	0	0	0	0	0	0	0	0	0.015	0	0	0	0	0	0	0	0	0	0	0	0	0	0	0	0	0	0	0	0	0	0	0	0	0	0	0	0	0	0	0	0	0	0	0	0	0	0	0	0	0	0	0	0
Centaurium erythraea	0	0	0	0	0	0	0	0	0	0	0	0	0	0	0	0	0	0	0	0	0	0	0	0	0	0.0025	0	0	0	0	0	0	0	0	0	0	0	0	0	0	0	0	0	0	0	0	0	0	0	0	0	0	0	0	0	0
Cerastium fontanum 	0	0	0	0	0	0	0	0	0	0	0	0	0	0	0	0	0	0	0	0	0	0.025	0.04	0.015	0.15	0.0005	0	0	0	0	0	0	0	0	0	0	0	0	0	0	0	0	0	0	0	0	0	0	0.01	0	0	0	0	0	0	0
Chaerophyllum aureum 	0	0	0	0	0	0	0	0	0	0	0	0	0	0	0	0	0	0	0	0	0	0.1	0	0.4	0	0	0	0	0	0	0.155	0.05	0.1	0	0	0	0	0	0	0	0	0	0	0	0	0	0.0165	0.05	0	0.55	0	0.05	0	0	0	0
Chaerophyllum hirsutum 	0	0	0	0	0	0	0	0	0	0	0	0	0	0	0	0	0	0	0	0	0	0	0	0	0	0	0	0	0	0	0	0	0	0	0	0	0	0	0	0	0	0.15	0	0	0	0	0	0	0	0	0	0	0	0	0	0
Chaerophyllum temulum	0	0	0	0	0	0	0	0	0	0	0	0	0.6	0.05	0.001	0	0.03	0.175	0	0	0.3	0	0	0.15	0	0	0	0	0	0	0	0	0.025	0.05	0	0	0	0	0	0	0	0	0	0	0	0	0	0	0	0	0	0	0	0	0	0
Chelidonium majus 	0	0	0	0	0	0	0	0	0	0	0	0	0	0	0	0	0	0	0	0	0	0	0	0	0	0	0	0	0	0	0	0	0	0	0	0	0	0	0	0	0	0	0	0	0	0	0	0	0	0.05	0	0	0	0	0	0
Chenopodium album 	0	0	0	0	0	0	0	0	0	0	0	0	0	0	0	0	0	0	0	0	0	0	0	0	0	0	0	0	0	0	0	0	0	0	0	0	0	0	0	0	0	0	0	0	0	0	0	0	0.0015	0	0	0	0	0	0	0
Circaea lutetiana	0	0	0	0	0	0	0	0	0.00015	0	0	0	0.5	0.005	0	0	0	0.15	0	0	0	0.1	0.25	0	0.1035	0.155	0.01	0.04	0	0	0	0	0	0.155	0	0	0.3	0	0	0	0	10	0.01	0.1	0.03	0.005	0	0	0	0	0	0	0	0	0	0
Cirsium arvense 	0	0	0	0	0	0	0	0	0	0	0	0	0	0	0	0	0	0	0	0	0	0	0	0	0	0	0	0	0	0	0	0	0.005	0	0	0	0.005	0	0	0	0	0	0	0	0	0	0	0	0	0	0	0	0	0	0	0
Cirsium vulgare	0	0	0	0	0	0	0	0	0	0	0	0	0.11	0	0.01	0.0075	0	0	0	0	0	0	0	0.0015	0	0	0	0	0	0	0	0	0	0	0	0	0	0	0	0	0	0	0	0	0	0	0	0	0	0	0	0	0	0	0	0
Clematis vitalba	0	0	0	0	0	0	0.0001	0	0	0	0	1.49	2.05	0.0045	0.2	0.15	0	4.04	0.001	0.55	0.2	1.5	0.202	0.205	0.25	6.75	9.9	2.9	1.065	0.23	0	1.13	1.1	0.42	0.355	1.15	1.9	1.7	0.6	0.2	0.79	0	0.5	0.005	2.65	0.4	0.04	0.55	0.54	0.05	0	0.1	1.95	0.7	0	0
Clinopodium vulgare	0	0	0	0	0	0	0	0	0	0	0	0	0	0	0	0.01	0	0	0	0	0	0.005	0	0	0.005	0.005	0	0	0	0	0	0	0	0	0.0015	0	0.005	0.025	0	0	0	0	0	0	0.05	0.001	0	0.05	0.005	0	0	0	0	0	0	0
Conopodium pyrenaeum 	0	0.0055	11	6.5	1.55	0	0	0.0105	0.05	5.5	0.05	0	0	0.0015	0.0015	0	0	0	0	0	0	0.15	0.01	0.01	0.12	0.1	0	0	0	0	0	0	0	0	0	0	0	0	0	0	0	0.03	0.275	0.11	0.065	0.1505	0.0325	0	0	0	0	0	0	0	0	0
Cornus sanguinea	0	0	0	0	0	4	0	2.5	3.5	12	6.7	1.1	2.5	4.4	1.85	3.15	3.05	0.705	2.03	0.014	10.1	8.75	2.505	4.155	1.375	0.156	1.525	18	11.525	5.165	9.1	7.75	1.35	2.4	11.025	3.95	1.31	1.35	2.002	12.025	0.0125	0	0.805	5.3	6.2	1.7	0.7	0.55	2.4	0.55	5	17.5	10.16	3.355	17.5	0
Coronilla emerus 	0	0	0	0	0	0	0	0	0	0	0	0	0	0	0	0	0	0	0	0	0	0	0	0	0	0	0	0	0	0	0	0	0	0	0	0	0	0	0	0	0	0	0	0	0	0.925	0	0	0.35	0.05	0.05	3	0	0.01	0	0
Corylus avellana	12	24	72.5	0	6	5.5	0	25	35	35	24	20.78	15.15	12	35.025	25.1	0	0	22.0005	0	0	19.35	25.1	60.5	25.05	3.755	0.1	11.65	10.18	0	20	0	0	11.09	0	3.025	5	0	0.01	0	0	71.025	12.155	16.1	15.425	19.15	80.104	87.5	0.4	62.5	17.5	3	0.005	5.002	5	0.05
Crataegus laevigata 	40	80	0	3.25	0.15	15	0	0	0	0	0	0	0	0	0	0	0	0	0	0	0	0	0	0	0	0	0	0	0	0	0	0	0	0	0	0	0	0	0	0	0	0	0	0	0	0	0	0	0	0	0	0	0	0	0	0
Crataegus monogyna	1	0	6.5	0.5	5.5	2	0.05	0	0	10	2.1	1.5	2.4	3.75	0.45	2	2.085	6.5	26.03	1.68	0.6	10.4	8.6	5.3	2.2	0.5025	0.0025	0.675	8.08	3.015	6.01	3.04	8.3	0.15	5	20.04	0.11	8.35	6.03	3.075	2.045	4.075	3.575	0.75	0.055	5.02	4.25	0.55	5.075	5	5	37.5	7.035	8.35	17.5	5
Crepis lampsanoides	0	0	0	0	0.6	0	0	0.325	0	0	0.02	0	0	0	0	0	0	0	0	0	0	1	0	2	11.5	5.005	0	0	0	0	0	0	0	0	0	0.035	0	0	0	0	0	0.25	0	0.25	1.05	0.2015	5.4	0.05	0.05	0	0	0	0	0.3	0	0
Crepis vesicaria	0	0	0	0	0	0	0	0	0	0	0	0	0	0	0.004	0	0	0	0	0	0	0	0	0	0	0	0	0	0	0	0	0	0	0	0	0	0	0	0	0	0	0	0	0	0	0	0	0	0	0	0	0	0	0	0	0
Crocus nudiflorus 	0	0	0	0.02	0.005	0	2.9	0	0	0	0	0	0	0	0	0	0	0	0	0	0	0	0	0	0	0	0	0	0	0	0	0	0	0	0	0	0	0	0	0	0	0	0	0	0	0	0	0	0	0	0	0	0	0	0	0
Cruciata glabra	0	0	0	0.0025	0	0	0	0	0	0	0	0	0	0	0.0005	0	0	0	0	0	0	0	0	0	0	0	0	0	0	0	0	0	0	0	0	0	0	0	0	0	0	0	0.005	0	0	0	0	0	0	0	0.05	0	0	0	0	0
Cruciata laevipes	0	0	0	0.005	0	0	0	0	0	0.05	0.025	0.005	0.525	0.0025	0	0.01	0.045	0.003	0.0015	0.0035	0	0.01	0.001	0.005	0.0015	0.005	0	0	0	0	0	0.003	0	0	0	0	0	0	0.0005	0.0005	0.005	0	0	0.001	0.0005	0	0.002	0	0.0105	0	0	0	0	0.0365	0	0
Cucubalus baccifer 	0	0	0	0	0	0	0	0	0	0	0	0	0	0	0	0	0	0	0	0	0	0	0	0	0	0	0	0	0	0	0	0	0	0	0	0	0	0	0.025	0.15	0	0	0	0	0	0	0	0.05	0	0	0.05	0.05	0	0	0	0
Dactylis glomerata	0	0	0.0105	0.25	0	0	0.05	0	0.02505	0.005	0	0.06	0.75	0.45	0	0.065	0.005	0	0	0.1	0.25	0.19	0	0.4	0.005	0.5	0.005	0	0	0.515	0	0	0	0.025	0.005	0	0	0.05	0	0	0.525	0	0	0.05	0	0.005	0.115	0.05	4	0.05	0.05	0	0.04	0.6	0	0.05
Daphne laureola 	0	0	0	0	0	0	0	0	0	0	0	0	0	0	0	0	0	0	0	0	0	0	0	0	0	0	0	0	0	0	0	0	0	0	0	0	0	0	0	0	0	0	0	0	0	0	0	0	0.05	0	0	0	0	0	0	0
Daucus carota 	0	0	0	0	0	0	0	0	0	0	0	0	0	0	0	0	0	0	0	0	0	0	0	0.0005	0	0	0	0	0	0	0	0	0	0	0	0	0	0	0	0	0	0	0	0	0	0	0	0	0.0505	0	0	0	0	0	0	0
Deschampsia cespitosa	0	0	0	0	0.005	0	0	0	0	0	0	0.01	0	0.3	13	3.5	0	13.5	1.55	0.35	0.9	28	0.2	9	13.5	25	37.5	7	8.5	11	0	0.002	3.5	10	0.05	0	1.25	0	0	0	0	0	3.5	19	7.5	5	0.025	0	0	0	0	0	0	0	0	0
Dryopteris affinis	0	0	0	0	0	0	0	0	0	0	0	0	0	0	0	0	0	0	0	0	0	0	0	0.075	0	0	0	0	0	0	0	0	0	0	0	0	0	0	0	0	0	0	0	0.35	0.75	0	0	0	0	0	0	0	0	0	0	0
Dryopteris dilatata	0	0	0	0	0	0	0	0	0	0	0	0	0	0	0	0	0	0	0	0	0	0	0	0	0	0	0	0	0	0	0	0	0	0	0	0	0	0	0	0	0	0.5	0	0	0	0	0	0	0	0	0	0	0	0	0	0
Dryopteris filix-mas	0	0	0	0	0	0	0	0	0.05	0	0	0	0	0	0	0	0	0	0	0	0	0	0.005	0	0	0	0	0	0	0	0	0	0	0	0	0	0	0	0	0	0	0.3	0	0	0	0	0	0	0	0	0	0	0	0	0	0
Elymus campestris 	0	0	0	0	0	0	0	0	0	0	0	0	0	0	0	0	0	0	0	0	0	0	0	0	0	0	0	0	0	0	0	0	0	0	0	0.035	0	0	0	0	0	0	0	0	0	0	0	0	0	0	0	0	0	0	0	0
Elymus caninus	0	0	0	0	0	0	0	0	0	0.1	0	0.1	4	0.55	0.6	0.75	0.26	0.625	0.005	0.025	0.25	1.05	6	0.55	0.25	0.6	0.525	0	0.1	1.25	0	0.55	0.3	0.65	0.1005	0.65	0.9	0.025	0.02	0.3	0.765	0.05	0.25	0.55	0.75	0.014	0.35	3	0.29	3	3	0	0.85	1.5	0	0.05
Elymus repens 	0	0	0	0	0	0	0	0	0	0	0	0	0	0	0	0	0	0	0	0	0	0	0	0	0	0	0	0	0	0	0	0	0.001	0	0	0	0	0	0	0	0.005	0	0	0	0	0	0	0	0	0	0	0	0	0	0	0
Epilobium hirsutum 	0	0	0	0	0	0	0	0	0	0	0	0	0	0	0	0	0	0.005	0	0	0	0	0	0	0.001	0	0	0	0	0	0	0	0	0.05	0	0	0	0	0.001	0.04	0	0	0	0	0	0	0	0	0	0	0	0	0	0	0	0
Epilobium montanum 	0	0	0	0	0	0	0	0	0	0	0	0	0	0	0	0	0	0	0	0	0	0	0	0	0	0	0	0	0	0	0	0	0	0	0	0	0	0	0	0	0	0.01	0	0	0	0	0	0	0	0	0	0	0	0	0	0
Epilobium parviflorum 	0	0	0	0	0	0	0	0	0	0	0	0	0	0	0	0	0	0	0	0	0	0	0	0	0	0	0	0	0	0	0	0	0	0.0005	0	0	0.005	0	0	0	0	0	0	0	0	0	0	0	0	0	0	0	0	0	0	0
Epilobium tetragonum 	0	0	0	0	0	0	0	0	0	0	0	0	0	0	0	0	0	0	0	0	0	0	0	0	0	0	0	0	0	0	0	0.0005	0	0.001	0	0.0005	0	0	0	0	0	0	0	0	0	0	0	0	0	0	0	0	0	0	0	0
Epipactis helleborine	0	0	0.0005	0	0	0	0	0	0	0	0	0.005	0	0	0	0	0	0	0	0	0	0	0	0	0	0	0	0	0	0	0	0	0	0	0	0	0.005	0.05	0	0	0	0.05	0	0	0	0	0	0	0	0	0	0	0	0	0	0
Equisetum arvense	0	0	0	0	0	0	0	0	0.0005	0	0	0.6	0.05	0	0	0.05	0	0	0.003	0	0	0.35	0	4	0.65	0.55	0.25	0.125	0.025	1.05	0	0	0	0	0	0	0.06	0	0	0.55	0	0	0	0.85	0.2	0	0.09	0.05	0.25	0	0	0	0	0	0	0
Erica vagans 	0	0	0	0	0	0	0.05	0	0	0	0	0	0	0	0	0	0	0	0	0	0	0	0	0	0	0	0	0	0	0	0	0	0	0	0	0	0	0	0	0	0	0	0	0	0	0	0	0	0	0	0	0	0	0	0	0
Euonymus europaeus	0.42	0.01	0.0525	0.05	0.0255	1.1	4.05	0.025049988	0.00525	0.025	1.6	0.35	1.3	0.2	0.75	2.1	8.35	0	0.003	0	0.005	0	0.22	0.0115	0.015	0.125	1.105	0	0.005	0.01	2	6.6	0.05	0.001	0	0	0	0	5.5	0.45	0	1.05	1.35	3.45	0.475	0.59	5	0	6.4	0.55	3	0.1	5.0655	0.0035	0.1	5
Eupatorium cannabinum 	0	0	0	0	0	0	0	0	0	0	0	0	0	0	0	0	0	0	0	0	0	0.5	0	1.05	0.55	15	0.075	0	0	0.55	0	0	0	0	0	0	0.505	0	0.03	0	0	0	0	0	0	0	0.0025	0	0.005	0	0.05	0	0	0	0	0
Euphorbia amygdaloides	0.01	0	0	0.2	0.115	0.035	0.2	0	0	0.065	0	0.23	0.285	0.03	0.1	0.35	0.03	1.55	0.015	0.125	0.0505	0.151	0.225	0.25	0.25	0.055	0.01	0.05	0.025	0.0325	0	0	0	0.15	0.05	0	0.04	0.7	0.05	0.25	0	0.075	1.9	0.1	0.155	0.415	0.6	0.55	0.9	0.05	0.05	0.05	0	1.6	0	0.05
Euphorbia dulcis	0.01	0	0	0	0.0055	0	0.75	0	0	0	0	0	0	0	0	0	0	0	0	0	0	0.025	0	0	0	0.0005	0	0	0	0	0	0	0	0	0	0	0	0	0	0	0	0	0	0	0	0.005	0	0	0	0	0	0	0	0	0	0
Euphorbia peplus	0	0	0	0	0	0	0	0	0	0	0	0	0	0	0	0	0	0	0.002	0.0005	0	0	0	0	0	0	0	0	0	0	0	0.016	0	0.001	0	0	0	0	0	0	0.0005	0	0	0	0	0	0	0	0	0	0	0	0	0.003	0	0
Fagus sylvatica	0	35	0	15	0	0.85	92.5	0	0	0	0	0.4	1.15	0.4	3	0.45	0	0	0	0	0	4.75	1.5	6.95	40.9	0.1	0	0	0	0	0	0	0	0	0	0	0	0	0	0	0	11.75	2	12.3	5.5	36.55	3.9	0.05	0	0.55	0	0	0	0	0.05	0.05
Festuca arundinacea	0	0	0	0	0	0	0	0	0	0	0	0	0	0	0.005	0.05	0	0	0	0	0	0	0	0	0	0.0005	0	0	0	0	0	0	0	0	0.025	0	0	0	0	0	0.015	0	0	0.04	0	0	0	0.05	0	0	0	0	0	0.005	0	0
Festuca gigantea	0	0	0	0.01	0	0	0	0.0255	0.1	0.0075	0	0.005	0.005	0	0.005	0	0	0	0	0	0.035	0.005	0.05	0.45	0.05	0.025	0.015	0	0.005	0.005	0	0	0.0005	0.03	0.25	0	0.5	0	0	0	0	1.6	0	0	0.01	0	0.31	0.05	0.005	0.05	0.05	0	0	0	0.05	0
Festuca heterophylla 	0	0	0	0	0	0	0.025	0	0	0	0	0.005	0.02	0	0	0	0	0	0	0	0	0.1	0	0.05	0	0	0	0	0	0	0	0	0	0	0	0	0	0	0	0	0	0	0	0	0	0	0	0	0	0	0	0	0	0	0	0
Filipendula ulmaria 	0.1	0.0025	7.75	0.06	0.255	0	0	3.85	0.125	0	0.7515	0	0	0	0	0	0	0	0	0	0	0.4	0	0.2	0.1	0	0	0	0	0	0	0	0	0	0	0	0	0	0	0	0	2.5	1.8	5	0.1	0.35	0	0	0	0	0	0.05	0	0	0	0
Fragaria vesca	0	0	0	0.01	0	0.04	0	0	0	0	0	0.785	0.04	0	0.005	0	0	0	0	0	0	0.025	0	0.45	0.0025	0	0	0	0	0	0	0	0	0	0	0	0	0	0	0	0	0	0.025	0	0.015	0.0025	0.05	0	0.04	0	0	0	0	0	0	0
Frangula alnus 	0	0	0	0	0	0	0	0	0	0	0	0	0	0	0	0	0	0	0	0	0	0	0	0	0	0	0.01	0	0	3.015	0	0	0	0.19	3.03	0	0.285	0	0.0005	3	0	0	0	0	0	0	0	0	0	0	0	5	0.1	0.0005	0	0
Fraxinus angustifolia 	0.1	0	0	0	0	0	0	0	0	16.5	0	0	0	0	0	0	25.105	71.01	50.0006	90.5255	90.5275	0	0	0	0	0	7.055	5.44	27.44	30.515	80.0008	65.9	6.25	43.225	94.25	82.03	23.5	67.35	27.751	16.4	71.635	0	0	0	0	0	0	0	0	0	0	17.5	92.054	3.6	37.6	87.5
Fraxinus angustifolia x excelsior 	0	0	0	0	0	0	0	0	0	0	0	0	0	0	0	0	0	0	0	0	0	0	0	0	0	0	1.02	2	0	0	0	0.025	0	0.01	0	0	2.075	0	0	0	0	0	0	0	0	0	0	0	0	0	0	0	1.5	73	0	0
Fraxinus excelsior	8	5	0	1.5	20.5	0.4	0	46.5	81	1.5	58	41.65	80.015	82	60.75	60.5	0	0	0	0	0	65.3	100	56.75	11.15	65.0105	0	0	3	0	0	0	0	0	0	0	0	0	0	0	0	15.55	86.1	50.5	85.355	23.5	46.1	62.5	35.2	87.5	62.5	0	0	0	0	0
Fritillaria pyrenaica	0	0	0.05	0	0	0	0	0	0	0.04	0.0115	0	0	0	0	0	0	0	0	0	0	0	0	0	0	0	0	0	0	0	0	0	0	0	0	0	0	0	0	0	0	0	0	0	0	0	0	0	0	0	0	0	0	0	0	0
Galeopsis angustifolia	0	0	0	0	0	0	0	0	0	0	0	0	0	0	0.005	0	0	0	0	0.002	0	0	0	0.0025	0.0005	0	0	0	0	0	0	0	0	0	0	0	0	0	0	0	0.005	0	0	0	0	0	0	0	0	0	0	0	0	0	0	0
Galeopsis tetrahit	0	0	0	0	0	0	0	0	0.001	0	0.001	0	0	0	0	0	0	0	0	0.035	0	0.04	0.1005	0.0355	2.2	0	0	0	0	0	0	0	0	0	0	0	0	0	0	0	0	0.95	0	0.01	0.03	0	0.002	0	0	0	0	0	0	0	0	0
Galium aparine	0	0	0.005	0.005	0.205	0	0	1.6	0.175	0.55	0.151	0	0.02	0	0.003	0	0.0005	0.755	0	0	0.0075	0	0	0	0	0.0505	0.0005	0.0005	0.001	0.01	0	0.0005	0.0005	0.003	0.0055	0	0.0055	0.005	0.0005	0.065	0.005	0	0	0	0	0	0	0	0	0	0	0	0.0005	0	0	0.01
Galium laevigatum 	0	0	0	0	0	0	0	0	0	0	0	0	0	0	0	0	0	0	0	0	0	4.5	0	1	0.445	0	0	0	0	0	0	0	0	0	0	0	0	0	0	0	0	0	0	0	0	0	0.51	0	0.02	0	0.05	0	0	0	0	0
Galium odoratum 	0	0	0	0	0	0	0	0	0	0	0	0	0	0	0	0	0	0	0	0	0	0.75	0.5	0	0	0	0	0	0	0	0	0	0	0	0	0	0	0	0	0	0	0	0	0	0	0	0	0	0	0	0	0	0	0	0	0
Galium palustre	0	0	0	0	0	0	0	0	0	0	0	0	0	0	0	0	0	0	0.0005	0	0	0	0.0005	0	0	0.2	0	0	0	0	0	0	0	0.001	0	0	0.101	0	0	0	0	0	0	0	0	0	0	0	0.0005	0	0	0.05	0.2	0.001	0	0
Galium cf odoratum 	0	0	0	0.75	0	0	0	0	0	0	0	0	0	0	0	0	0	0	0	0	0	0	0	0	0	0	0	0	0	0	0	0	0	0	0	0	0	0	0	0	0	0	0	0	0	0	0	0	0	0	0	0	0	0	0	0
Galium verum 	0	0	0	0	0	0	0	0	0	0	0	0	0	0	0	0	0	0	0	0	0	0	0	0	0	0	0	0	0	0	0	0	0	0.0005	0	0	0	0	0	0	0	0	0	0	0	0	0	0	0	0	0	0	0	0	0	0
Genista tinctoria 	0	0	0	0	0	0	0	0	0	0	0	0	0	0	0	0	0	0	0	0	0	0	0	0	0	0	0	0	0	0	0	0	0	0.0005	0	0	0	0	0.4	0.0005	0	0	0	0	0	0	0	0	0	0	0	0	0	0	0	0
Geranium phaeum 	0	0	0	0	0	0	0	0	0	0	0	0	0	0	0	0	0	0	0	0	0	0.085	0	0.05	0.55	0.15	0	0	0	0	0	0	0	0	0	0	0	0	0	0	0	7	0	0.007	1.515	0.005	0.2	0	0	0.55	0	0	0	0	0	0
Geranium lucidum 	0	0	0	1.005	0	0	0	0	0	0.00005	0	0	0	0	0	0	0	0	0	0	0	0	0	0	0	0	0	0	0	0	0	0	0	0	0	0	0	0	0	0	0	0	0	0	0	0	0	0	0	0	0	0	0	0	0	0
Geranium robertianum	0	0	1.4	0.35	0.202495	0.25	0.051	0.2	0.045	0.0005	0.001499995	0.003	0.345	0.031	0	0	1.4	0.051	0.001	0.002	0.29	0.04	0.035	0.035	0.09	0.0105	0	0.03	0.775	0.02	0.15	0.5	0.11	0.1	0.025	0	0.05	0	0	0.0035	0.0005	2.75	0	0	0.03	0	0.01	0.05	0	0.55	0.05	0	0	0.0015	0	0
Geum urbanum	0.05	0.05	0.5	1.5	7	0.915	0.01	16.5	1.4	4	3.5	0.07	2	1	1.55	0.01	0.135	0.8	0.02	0.3	0.0175	1.5	1.75	0.55	2.55	0.5	0.02	2.65	1.55	0.015	0.4	0.2	0	0.34	0	0	0.0005	0.105	0.055	0.4	0.05	5.5	1.85	0.405	1.51	0.015	0.154	0.55	0.45	3	15	3	2.04	0.07	0	0
Glechoma hederacea	0	0	1.65	0.9	1.525	0.15	0.25	7.5	5	1.5	3.35	0	0	0	0	0	0	0	0.007	0.002	0	0	0	0	0	0.0005	0	0	0	0	0.052	0.035	0	0	0.0005	0	0	0	0	0	0	0.4	0	0	0.8	0	0	0	0	0	0	0	0.001	0.006	0	0
Hedera hibernica	0.05	34.3	5.2	20.7	19.4	27.4	4.4	17.5	6.73	15.5	2.64	2	2.65	4.25	7.75	14.5	24.5	3.75	5.05	0.45	1.3	22.75	8.6	13	6.7	6.725	6	49	13.5	15	73.7	19.5	31	10.9	8.65	31	15	27.5	65	15.5	0.065	0.151	7	15.2	0.75	16.1	13	3	1.2	15	3	15	3.04	1.505	37.5	37.5
Helianthus tuberosus	0	0	0	0	0	0	0	0	0	0	0	0	0	0	0	0	0	0	0	0	0.0005	0	0	0	0	0	0	0	0	0	0	0	0	0	0	0	0	0	0	0	0.0005	0	0	0	0	0	0	0	0	0	0	0	0	0	0	0
Helictotrichon cantabricum 	0	0	0	0	0	0	0	0	0	0	0	0	0	0	0	0.4	0	0	0	0.3	0	0	0	0	0	0	0	0	0	0	0	0	0	0	0.305	0	0	0.075	0	0	0.3	0	0	0	0	0	0	0	0.025	0	0	0	0	0.025	0	0
Helleborus foetidus	0.4	0	0	0	0	0	0	0	0	0.15	0	0.79	0.65	0.43	0.9	1.15	0	0	0	0.125	3	0	0	0	0	0	0	0	3.25	0	0	0	0	0.054	0	0	0	0.45	0	0	0	0	0	0	0	0	0	0.55	3.75	0.05	0.05	0	0	1	0.05	0
Helleborus viridis subsp occidentalis	0	1.1	10	6.5	9.25	0.15	0.75	0.2525	0	0.15	0.1	0	0.15	0.4	0.005	0.2	0	0	0	0	0	0.015	0.075	0.2	0.102	0	0	0	0	0	0	0	0	0	0	0	0	0	0	0	0	0.2	0	0.275	0	0.24	0.025	0	0.15	0	0	0	0	0	0	0
Hepatica nobilis	0	0	0.05	1.25	0	0.0025	1.6	0	0	0.065	0	0.05	0	0.05	0.425	0.4	0	0	0	0	0	0.3	0.0505	0.0035	0.15	0.2	0	0	0	0	0	0	0	0	0	0	0	0	0	0	0	0	0.0155	0.1	0.015	0.011	0.55	0	0.04	0	0	0	0	0	0	0
Heracleum sphondylium	0	0	0	0	0.01	0	0	0	0	0.3	0.25	0.01	0	0	0	0	0	0.3	0	0	0	0	0	0.05	0	0.1	0	0	0	0	0.04	0	0	0	0.025	0	0.075	0	0	0	0	0	0	0	0.005	0	0.35	0	0	0	0.05	0	0.0005	0	0	0
Hesperis matronalis subsp candida	0	0	0	0	0	0	0	0.54	0	0.25	0.02	0	0	0	0	0	0	0	0	0	0	0	0	0	0	0	0	0.75	0	0	0	0	0	0	0	0	0	0	0	0	0	0	0	0	0	0	0	0	0	0	0.05	0	0	0	0	0
Hieracium gr. murorum	0	0	0	0	0	0	0	0	0	0.0005	0	0.065	0	0	0	0.02	0	0	0	0	0	0.005	0	0.03	0	0	0	0	0	0	0	0	0	0	0	0	0	0	0	0	0	0	0	0	0.025	0	0.005	0	0	0	0	0	0	0	0	0
Holcus lanatus 	0	0	0	0.055	0	0	11	0	0	0	0	0	0	0	0	0	0	0	0	0	0	0	0	0	0	0.0105	0	0	0	0	0	0	0	0	0	0	0	0	0	0	0	0	0	0	0	0.001	0	0	0.001	0	0	0	0.002	0	0	0
Holcus mollis 	0	0	0.015	0	0	0	12.5	0	0	0	0	0	0	0	0	0	0	0	0	0	0	0	0	0	0	0	0	0	0	0	0	0	0	0	0	0	0	0	0	0	0	0	0	0	0	0	0	0	0	0	0	0	0	0	0	0
Humulus lupulus	0	0	0	0	0	0	0	0.00055	0	0	0	0	0	0	0	0	0	0	0	0	0	0	0	0	0	0	0	0	0	0	0	0	0	0	1	0	10.78	0	0	2.75	0	0	0	0	0	0	0	0	0	0	0	0	0	0	0	0
Hypericum hirsutum 	0	0	0	0	0	0	0	0	0	0	0	0	0	0	0	0.05	0	0.0005	0	0	0	0	0	0	0	0	0	0	0	0	0	0	0	0	0	0	0	0	0	0	0	0	0	0	0	0	0	0	0	0	0	0	0	0	0	0
Hypericum perforatum	0	0	0	0	0	0	0	0	0	0	0	0.005	0	0.0005	0	0.005	0	0	0.0005	0.0005	0.005	0	0	0.007	0	0.0005	0.0005	0	0	0.0025	0	0	0	0.001	0	0	0	0.01	0	0	0	0	0	0	0.0005	0	0	0.55	0.0105	0	0.05	0	0	0.0005	0	0
Hypericum pulchrum	0	0	0	0	0.005	0	0	0	0	0	0	0	0	0	0	0	0	0	0	0	0	0	0	0	0	0	0	0	0	0	0	0	0	0	0	0	0	0	0	0	0.0005	0	0	0	0	0	0	0	0	0	0	0	0	0	0	0
Hypericum tetrapterum 	0	0	0	0	0	0	0	0	0	0	0	0	0	0	0	0	0	0	0	0	0	0	0	0	0	0	0.0015	0.0005	0	0	0	0	0	0	0.0005	0	0.009	0	0	0	0	0	0	0	0	0	0.0005	0.05	0.001	0	0	0	0.0005	0.025	0	0
Ilex aquifolium 	0.001	0	0	0.5	0	7.5	0.1	0	3	0	0	0	0.005	0	0	0	0	0	0	0	0	0	0	0.001	0	0	0	0	0	0	0	0	0	0	0	0	0	0	0	0	0	0	0	0.0005	0.2	0.0005	0.005	0	0	0	0	0	0	0	0	0
Inula conyza 	0	0	0	0	0	0	0	0	0	0	0	0	0	0	0	0	0	0	0	0	0	0	0	0	0	0	0	0	0	0	0	0	0	0	0	0	0	0	0	0	0	0	0	0	0	0	0	0	0.025	0	0	0	0	0	0	0
Iris foetidissima 	0	0	0	0	0	0	0	0.05	0	0.15	0	0	0	0	0	0	0	0	0	0	0	0	0	0	0	0	0	0	0.01	0.01	0	0	0	0	0	0	0	0	0.4	1.4	0	0	0	0	0	0	0	0	0	0	0	0	0	0	3	0.05
Iris graminea 	0	0	0	0	0	0	0	0	0	0	0	0	0	0	0	0	0	0	0	0	0	0	0	0	0	0	0	0	0	0	0	0	0	0	0	0	0	0	0.015	0	0	0	0	0	0	0	0	0	0	0	0	0	0	0	0	0
Iris pseudacorus 	0	0	0	0	0	0	0	0	0	0	0	0	0	0	0	0	0	0.05	0	0	0	0	0	0	0	0	0	0	0	0	0	0	0	0	0	0	0	0	0	0	0	0	0	0	0	0	0	0	0	0	0	0	0	0	0	0
Isopyrum thalictroides	0	0	0	21.5	24	0	0	0	0	0	0.535	0	0	0	0	0	0	0	0	0	0	0	0	0	0	0	0	0	0	0	0	0	0	0	0	0	0	0	0	0	0	0	0	0	0	0	0	0	0	0	0	0	0	0	0	0
Juglans regia 	0	0	0	0	0	0	0	0	0	0	0	0	0	0	0	0	0.15	5.15	0	0.135	0	0	0	0	0	0	1.75	0.53	0.225	0.07	10.175	0.195	0.25	0.4	0.06	4.93	0.95	1.1	12.065	4	0.34	0	0	0	0	0	0	0	0	0	0	0	6	0.04	5	17.5
Juncus effusus	0	0	0	0	0	0	0	0	0.055	0	0	0	0	0	0	0	0	0	0	0	0	0	0	0	0	0	0	0	0	0	0	0	0	0	0	0	0	0	0	0	0	0	0	0	0	0	0	0	0	0	0	0	0	0	0	0
Juniperus communis 	0	0	0	0	0	0	0	0	0	0	0	0	0	0	0	0.002	0	0	0	0	0	0	0	0	0	0	0	0	0	0	0	0	0	0	0	0	0	0	0	0	0	0	0	0	0	0	0	0	0	0	0	0	0	0	0	0
Knautia arvensis	0	0	0	0	0.1	0	0	0.0005	0	0	0	0	0	0	0	0	0	0	0	0	0	0	0	0	0	0	0	0	0	0	0	0	0	0	0	0	0	0	0	0	0	0	0	0	0	0	0	0	0	0	0	0	0	0	0	0
Knautia arvernensis 	0	0	0	0	0	0	0	0	0	0	0	0.02	0	0	0	0	0	0	0	0	0	0.825	0	0.45	0.13	0.5125	0	0	0	0	0	0	0	0	0	0	0	0	0	0	0	0	0	0.5	0.225	0.26	0.4	0	0	0	0	0	0	0	0	0
Lactuca muralis	0	0	0	0	0	0	0	0	0	0	0	0	0	0	0	0	0	0	0	0	0	0.1	0	0	0	0	0	0	0	0	0	0	0	0	0	0	0	0	0	0	0	0	0	0	0	0	0	0	0	0	0	0	0	0	0	0
Lamium galeobdolon	23	1.5	0	1.1	0.8	0	0.35	8.25	7	0.7	0.02	0	0.6	0	0	0	0	0	0	0	0	2	3	0.35	1.5	0	0	0	0	0	0	0	0	0	0	0	0	0	0	0	0	10	0.375	0.4	0.55	0.7	0	0	0	0	0	0	0	0	0	0
Lamium maculatum 	0	0	0	0	0.125	0	0	0.65	0.8	0.1	0.7525	0	1.6	0.008	0	0	0.25	0	0	0	0	0.05	0.04	0.05	0	0	0	0	0	0.02	0.0015	0	0	0	0.025	0	0	0	0	0	0	0	0.95	0	0	0	0	0	0	0	0	0	0	0	0	0
Lathraea clandestina	0	0.0005	0	0.035	0.01	0	0.0525	0	0	0	0	0	0	0	0	0	0	0	0	0	0	0	0	0	0	0	0	0	0	0	0	0	0	0	0	0	0	0	0	0	0	0	0	0	0	0	0	0	0	0	0	0	0	0	0.05	0
Lathyrus linifolius	0	0	0	0	0	0	0	0	0	0	0	0	0	0	0	0	0	0	0	0	0	0.0005	0	0.005	0	0	0	0	0	0	0	0	0	0	0	0	0	0	0	0	0	0	0	0	0.01	0	0	0	0	0	0	0	0	0	0	0
Lathyrus niger	0	0	0	0	0	0	0	0	0	0	0	0	0	0	0	0	0	0	0	0	0	0	0	0.65	0	0	0	0	0	0	0	0	0	0	0	0	0	0	0	0	0	0	0	0	0.02	0	0.05	0	0	0	0	0	0	0	0	0
Lathyrus occidentalis 	0	0	0	0	0	0	0	0	0	0	0	0	0	0	0	0	0	0	0	0	0	0	0	0.5	0	0.1	0	0	0	0	0	0	0	0	0	0	0	0	0	0	0	0	0	1	0.45	0.05	0	0	0	0	0	0	0	0	0	0
Lapsana communis	0	0	0	0	0	0	0	0	0	0	0	0.014	0.005	0.001	0.005	0	0.5	0.04	0.11	0.055	0.0525	0	0	0	0	0	0	0	0.01	0	0	0.335	0.1	0.1525	0.025	0	0.005	0.3	0.001	0.005	0.0005	0	0	0	0	0	0	0	0.005	0.55	0	0	0.03	0.25	0	5
Ligustrum ovalifolium 	0	0	0	0	0	0	0	0	0	0	0	0	0	0	0	0	0	0	0	0	0	0	0	0	0	0	0	0	0	0	0	0	0	0	0	0	0	0	0	0.5	0	0	0	0	0	0	0	0	0	0	0	0	0	0	0	0
Ligustrum vulgare	0.03	0.05005	0	0	0	29.3	0	0.15	0	1.05	0	0.45	0	0.85	0.95	3.65	18.45	5.805	8.515	0.001	8.025	0	0	0	0	0	0.03	0.725	0.01	0.03	2.3	0.005	1.1	0.825	0.25	6.25	0.0065	0.31	13	4.65	0	0	0	0.6	0	0.05	0.25	0.05	5.5	3	0.1	5	2.155	3.16	5	62.5
Lilium martagon 	0	0	0	0.005	0	0	0	0	0	0	0	0	0	0	0	0	0	0	0	0	0	0	0	0	0	0.15	0	0	0	0	0	0	0	0	0	0	0	0	0	0	0	0	0	0	0	0	0.015	0	0	0	0	0	0	0	0	0
Lithospermum purpurocaerulem	0	0	0	0	0	0	0	0	0	0	0	0	0	0	0	0	0	0	13	0	0	0	0	0	0	0	0	0	0	0	0	0	0	0	0	0	0	0	0	0	0	0	0	0	0	0	0	0	0	0	0	0	0	0	0	0
Lolium perenne	0	0	0	8	0.35	0	0	0	0	0	0	0	0	0	0	0	0	0	0	0	0	0	0	0.005	0	0	0	0	0	0	0	0	0	0	0	0	0	0	0	0	0	0	0	0	0	0	0	0	0.0005	0	0	0	0	0	0	0
Lonicera periclymenum	0.05	0.005	0	0.15049925	0	16.15	0.00005	0	0.22	0	0	0.25	0.05	0	0	0	0.02	0	0	0	0	0	0	0	0	0	2.005	0.15	0.03	0.025	0	0	0	0	0	0	0	0.75	0	0	0	0	0	0	0	0	0	0	0	0	0.1	0	0	0	0.1	0
Lonicera xylosteum	0	0	0	0	0	12.94	0	0.00005	0	16.02	0	1.0055	2.1	3.8	0.0035	1.0005	23.005	1	4.0035	0	0.5	0	0.0005	1	0	0	0	8.165	0	0.02	0	0.005	0.0005	0.001	0.5	0	0	1.035	0.005	0	0	0	0.45	2.05	0.04	0	5.15	0	0	0.05	0	0	0	0	0.1	0
Luzula forsteri	0	0	0	0	0	0	0	0	0	0	0	0	0	0	0.005	0.75	0	0	0	0	0	0	0	0	0	0	0	0	0	0	0	0	0	0	0	0	0	0	0	0	0	0	0	0	0.15	0	0	0	0.1	0	0	0	0	0	0	0
Luzula sylvatica	0	0	0	0	0	0	0	0	0	0	0	0	0	0	0	0	0	0	0	0	0	1.35	0.15	4.75	1.6	0.075	0	0	0	0	0	0	0	0	0	0	0	0	0	0	0	0.5	23.5	4.5	1.15	1.85	0.225	0	0	0	0	0	0	0	0	0
Lycopus europaeus 	0	0	0	0	0	0	0	0	0	0	0	0	0	0	0	0	0	0.005	0	0	0	0	0	0	0	0	0.01	0	0	0.025	0	0	0	0	0	0	0	0	0	0	0	0	0	0	0	0	0	0	0	0	0	0	0	0	0	0
Lysimachia nemorum 	0	0	0	0	0	0	0	0	0	0	0	0	0	0	0	0	0	0	0	0	0	0	0	0.065	0.01	0.0025	0	0	0	0	0	0.0005	0	0	0	0	0	0	0	0	0	0	0	0	0	0	0	0	0	0	0	0	0	0	0	0
Lysimachia vulgaris 	0	0	0	0	0	0	0	0	0	0	0	0	0	0	0	0	0	0	0	0	0	0	0	0	0	0	0.5	0.02	0	0.0025	0	0	0	0.0005	0	0	0.755	0	0	0	0	0	0	0	0	0	0	0	0	0	0	0.05	0.0015	0	0	0
Lythrum salicaria 	0	0	0	0	0	0	0	0	0	0	0	0	0	0	0	0	0	0	0	0	0.0005	0	0	0	0	0	0.2	0	0	0.055	0	0	0	0.055	0.0005	0	1.25	0	0	0.055	0.005	0	0	0	0	0	0	0	0	0	0	0.05	0.05	0	0	0
Malus sylvestris 	0	0	0	0	0	0	0	0	0	0	0	0	0	0	0	0	0	0	0	0	0	0	0	0	0	0	0	0	0	0	0	0	0	0	0	0	0	0	0	0	0	0	2	0	0	0	1.5	0	0	0	0	0	0	0	0.05	0
Medicago lupulina	0	0	0	0	0	0	0	0	0	0	0	0.005	0	0	0	0	0	0	0	0	0	0	0	0	0	0	0	0	0	0	0	0	0	0	0	0	0	0	0	0	0.0005	0	0	0	0	0	0	0.05	0	0	0.05	0	0	0	0.05	0.05
Melica uniflora	0	0	0	0	0	0.625	0	0	0	0.51	0	1.4	3	12	19	2	0	0	0	0	0	2.1	21.5	7	1.5	0.35	0	0	0.025	0	0	0	0	0	0	0	0	0	0	0.3505	0	0.1	11.5	6.5	23.5	2	4	0.55	1.5	15	0	0	0	0.008	0	0
Melilotus albus	0	0	0	0	0	0	0	0	0	0	0	0	0	0	0	0	0	0	0	0	0	0.0005	0.001	0.0115	0.0005	0	0	0	0	0	0	0	0	0.002	0	0	0	0	0.0005	0.0055	0.0035	0	0	0	0	0	0.0015	0.05	0.155	0	0	0	0	0.075	0	0
Melissa officinalis	0	0	0	0	0	0	0	0	0	0	0	0	0	0	0.055	0	0.15	2	0.025	8.5	3	0	0	0	0	0	0	0	0	0	0.002	3.2	0.015	0.3	0.1525	2	0.1005	1.25	0.01	5	0.7	0	0	0	0	0	0	0	0	0	0	0	0.0005	0	0	0
Mentha aquatica 	0	0	0	0	0	0	0	0	0	0	0	0	0	0	0	0	0	0	0	0	0	0	0	0	0	0	0	0	0	0.01	0	0	0	0.035	0	0	0	0	0	0	0	0	0	0	0	0	0	0	0	0	0	0.05	0	0.01	0	0
Mentha longifolia 	0	0	0	0	0	0	0	0	0	0	0	0	0	0	0	0	0	0	0	0	0	0	0	0	0	0.075	0.3	0.035	0	0.04	0	0	0	0.0005	0	0	0	0	0	0	0	0	0	0	0	0	0.005	0	0	0	0	0	0	0.0015	0	0
Mentha suaveolens	0	0	0	0	0	0	0	0	0	0	0	0	0	0	0	0	0	0	0	0	0	0	0	0	0	0	0	0	0	0	0	0	0	0	0	0	0	0	0	0	0	0	0	0	0	0	0	0	0	0	0.05	0	0	0	0	0
Mercurialis perennis	0	0.03	0	0	0	0	0	8.65	0	1.675	3.8	0	0	0	0	0	0	0	0	0	0	0.525	5	0	0	0.05	0	0	0	0	0	0	0	0	0	0	0	0	0	0	0	0	0	0.05	0	0	0.01	0	0	0	0	0	0	0	0	0
Milium effusum 	0	0	0	0	0	0	0	0	0	0	0	0	0.04	0.003	0	0	0	0	0	0	0	0	0.45	0.1	0.05	0	0	0	0	0	0	0	0	0	0	0	0	0	0	0	0	0.035	9.3	1.05	1.25	0.54	0	0	0	0	0	0	0	0	0	0
Moehringia trinervia	0	0	0	0	0	0	0	0	0	0.005	0	0	0.0055	0.001	0.002	0	0	0	0	0	0	0.0025	0.055	0.015	0.0145	0	0	0	0	0	0	0	0	0	0	0	0	0	0	0	0	0.04	0.0005	0	0.001	0.0015	0.001	0	0.26	0	0	0	0	0	0	0
Myosotis martini	0	0	0	0	0.0025	0	0.0055	0	0.0501	0	0	0	0	0	0	0	0	0	0	0	0	0.0105	0	0.015	0	0.08	0	0	0	0	0	0	0	0	0	0	0	0	0	0	0	0.03	0	0	0.01	0	0	0	0	0	0	0	0	0	0	0
Narcissus pseudonarcissus	0	0.4	0	0	0.005	0	0	0	0.015	0.015	0.17	0	0	0	0	0	0	0	0	0	0	0	0	0	0	0	0	0	0	0	0	0	0	0	0	0	0	0	0	0	0	0	0	0	0	0	0	0	0	0	0	0	0	0	0	0
Origanum vulgare	0	0	0	0	0	0	0	0	0	0	0	0	0	0	0	0	0	0	0	0	0	0	0	0	0	0	0	0	0	0	0	0	0	0	0	0	0	0	0	0	0	0	0	0	0	0	0	0	0	0	0	0	0.1	0	0	0
Ornithogalum pyrenaicum 	0.02	0	0	0	0.405	0	0	0.005	0	0.015	5	0	0	0	0	0	0	0	0	0	0	0	0	0	0	0	0	0	0	0	0	0	0	0	0	0	0	0	0	0	0	0	0	0	0	0	0	0	0	0	0	0	0	0	0	0
Orobanche hederae	0	0	0	0	0	0	0	0	0	0	0	0.001	0.0025	0	0.005	0.055	0	0	0	0	0.0005	0	0	0	0	0	0	0.0005	0.2	0.005	0	0	0.0005	0	0	0.0005	0	0.0175	0.3	0.2	0	0	0	0	0	0	0.151	0	0	0.55	0	0.05	0	0	3	0
Oxalis acetosella 	0	0	0	0.515	2.75	0	0	0	0	0	0	0	0	0	0	0	0	0	0	0.0005	0	0.0055	0.0005	0.0015	0.0305	0	0	0	0	0	0	0	0	0	0	0	0	0	0	0	0	0.0025	0	0	0	0	0.001	0	0	0	0	0	0	0	0	0
Panicum miliaceum 	0	0	0	0	0	0	0	0	0	0	0	0	0	0	0	0	0	0	0	0	0	0	0	0	0	0	0	0	0	0	0	0.0005	0	0	0	0	0	0	0	0	0	0	0	0	0	0	0	0	0	0	0	0	0	0	0	0
Papaver cambricum 	0	0	0	0	0	0	0	0	0	0	0	0	0	0	0	0	0	0	0	0	0	0	0	0	0	0	0	0	0	0	0	0	0	0	0	0	0	0	0	0	0	0.6	0	0	0	0	0	0	0	0	0	0	0	0	0	0
Phalaris arundinacea 	0	0	0	0	0	0	0	0	0	0	0	0	0	0	0	0	0	0	0	0	0	0	0	0	0	0.075	0.03	0	0	0.065	0	0	0	0.401	0	0	0	0	0	0	0	0	0	0	0.05	0	0	0	0	0	0	0	0	0	0	0
Phillyrea latifolia	0	0	0	0	0	0	0	0	0	0	0	0	0	0	0	0	0	0	0	0	0	0	0	0	0	0	0	0	0	0	0	0	0	0	0	0	0	0	0	0	0	0	0	0	0	0	0	0	0	0	0	0	0	7.007	0	0
Phleum pratense	0	0	0	0	0	0	0	0	0	0	0	0	0.008	0	0	0.005	0	0	0	0.004	0	0	0	0.005	0	0	0	0	0	0	0	0	0	0	0	0	0	0	0	0	0	0	0	0	0	0	0	0	0.052	0	0	0	0	0	0	0
Phragmites australis	0	0	0	0	0	0	0	0	0	0	0	0	0	0	0	0	0	0.8	0	0	0.005	0	0	0	0	0	0	0	0	0	0	0	0	0	0	0	0.01	0	0	0.6	0.1	0	0	0	0	0	0	0	0	0	0	0	0	0	0	0
Phyllitis scolopendrium 	0	0	0	0	0	0	0	0	0	0	0	0	0	0	0	0	0	0	0	0	0	0	0	0	0	0.0025	0	0	0	0	0	0	0	0	0	0	0	0	0	0	0	0	0	0	0	0	0	0	0	0	0	0	0	0	0	0
Picea abies 	0	0	0	0	0	0	0	0	0	0	0	0	0	0	0	0	0	0	0	0	0	0	0	0	0	0	0	0	0	0	0	0	0	0	0	0	0	0	0	0	0	0	0	0	0	0	0.002	0	0	0	0	0	0	0	0	0
Picris hieracioides	0	0	0	0	0	0	0	0	0	0	0	0	0	0	0	0.0025	0	0	0	0.0005	0	0	0	0.25	0.0015	0	0.0005	0	0	0	0	0	0	0.03	0.01	0	0	0	0	0	0	0	0	0	0.15	0	0.02	0	0.115	0	0	0	0.04	0.004	0	0
Pimpinella major 	0	0	0	0	0	0	0	0	0	0	0	0	0	0	0	0	0	0	0	0	0	0	0	0	0	0	0	0	0	0	0	0	0	0	0	0	0	0	0	0	0	0	0	0	0	0	0	0	0	0	0.05	0	0	0	0	0
Pinus sylvestris	0	0	0	0	0	0	0	0	0	0	0	6	0	0	0	0	0	0	0	0	0	0	0	0	0	0	0	0	0	0	0	0	0	0	0	0	0	0	0	0	0	0	0	0	0	0	0	0	0	0	0	0	0	0	0	0
Plantago lanceolata	0	0	0	0	0	0	0	0	0	0	0	0.0005	0	0	0	0.01	0	0	0	0.015	0.05	0	0	0	0	0	0	0	0	0	0	0	0	0	0	0	0	0	0	0	0.06	0	0	0	0	0	0	0	0	0	0	0	0	0.004	0	0
Plantago major	0	0	0	0	0	0	0	0	0	0	0	0	0.002	0	0	0.0005	0	0	0	0	0.15	0	0	0	0	0	0.005	0	0	0	0	0.0005	0	0.008	0	0	0.15	0	0	0	0.03	0	0	0	0	0	0.005	0	0.05	0	0	0	0	0	0	0
Poa angustifolia 	0	0	0	0	0	0	0	0	0	0	0	0	0	0	0	0	0	0	0	0	0	0	0	0	0	0	0	0	0	0	0	0	0	0	0	0	0	0	0	0	0.003	0	0	0	0	0	0	0	0	0	0	0	0	0	0	0
Poa annua	0	0	0	0	0	0	0	0	0.005	0	0	0	0	0	0	0	0	0	0	0	0	0	0	0	0	0	0	0	0	0	0	0	0	0	0	0	0	0	0	0	0	0	0	0	0	0	0	0	0	0	0	0	0	0	0	0
Poa compresa 	0	0	0	0	0	0	0	0	0	0	0	0	0	0	0	0	0	0	0	0	0	0	0	0	0	0	0	0	0	0	0	0	0	0	0	0	0	0	0	0	3	0	0	0	0	0	0	0	0	0	0	0	0	0	0	0
Poa nemoralis	0	0	0	0	0	0	0	0	0	0	0.001	0.045	0.01	0.004	0.1005	0.15	0	0.035	0	0.025	0.05	0.6	0.15	1.75	0.55	0.4	0	0	0.0005	0	0	0	0	0	0	0	0	0	0	0	0.5015	0.4	1.5	0.35	0.45	0.05	8	3	4.5	0.55	0	3	0.5	0.0325	0.05	0.05
Poa pratensis 	0	0	0	0	0	0	0	0	0	0	0	0	0	0	0	0	0	0	0	0	0	0	0	0	0	0	0	0	0	0	0	0	0	0	0	0	0	0.4	0	0	0	0	0	0	0	0	0	0	0.001	0	0	0	0	0	0	0
Poa trivialis	0	0	0	0	0	0	0	0	0	0	0	0	0	0.05	0	0	0	0	0	0	0	0	0	0	0	0.005	0	0	0	0	0	0	0	0	0	0	0	0	0	0	0.005	0	0	0	0.15	0	0	0.05	0.0005	0	0	0	0	0	0	0.05
Polygonatum multiflorum 	0	0	0	0	0	0	0	0	0	0	0	0	0	0	0	0	0	0	0	0	0	0	0	0	0	0	0	0	0	0	0	0	0	0	0	0	0	0	0	0	0	0.035	0	0	0	0	0	0	0	0	0	0	0	0	0	0
Polygonum arenastrum 	0	0	0	0	0	0	0	0	0	0	0	0	0	0	0	0	0	0	0	0	0.005	0	0	0	0	0	0	0	0	0	0	0	0	0	0	0	0	0	0	0	0	0	0	0	0	0	0	0	0	0	0	0	0	0	0	0
Polygonum aviculare	0	0	0	0	0	0	0	0	0	0	0	0	0.026	0	0.001	0	0	0	0	0.0075	0	0	0	0	0	0	0	0	0	0	0	0.05	0	0.004	0	0	0	0	0	0	0.0005	0	0	0	0	0	0	0	0.0035	0	0	0	0	0.001	0	0
Polygonum lapathifolium 	0	0	0	0	0	0	0	0	0	0	0	0	0	0	0	0	0	0	0	0	0	0	0	0	0	0	0	0	0	0	0	0	0	0	0	0	0.0005	0	0	0	0	0	0	0	0	0	0	0	0	0	0	0	0	0	0	0
Polygonum persicaria	0	0	0	0	0	0	0	0	0	0	0	0	0.0005	0	0	0	0	0	0	0	0.05	0	0.0005	0	0.0005	0	0	0	0	0	0	0.025	0	0.0525	0	0	0	0	0	0.015	0	0	0	0	0	0	0	0	0	0	0.05	0	0	0.0015	0	0
Polypodium interjectum 	0	0	0	0	0	0	0	0	0.05	0	0	0	0	0	0	0	0	0	0	0	0	0	0	0	0	0	0	0	0	0	0	0	0	0	0	0	0	0	0	0	0	0	0	0	0	0	0	0	0	0	0	0	0	0	0	0
Polystichum setiferum	0	0.3	0	0.25	0	0	0	0	0	0	0	0	0	0	0	0	0	0	0	0	0	0	0	0	0	0	0	0	0	0	0.03	0	0	0	0	0	0	0	0	0	0	0	0	0.4	0.25	0	0	0	0	0	0	0	0	0	0	0
Populus alba 	0	0	0	0	0	0	0	0	0	0	0	0	0	0	0	0	0	0	0	0	0	0	0	0	0	0	0	0	0	0	0	0	0	0	0	0	0	0	0	0	0	0	0	0	0	0	0	0	0	0	0	0	0	0.005	0	0
Populus x canadensis 	0	0	0	0	0	0	0	0	0	0	0	0	0	0	0	0	0	0	0	0	0	0	0	0	0	10	0	0	0	0	0	0	0	0	0	0	0	0	0	0	60.15	0	0	0.25	0	0	0	0	0	0	0	0	0	0	0	0
Populus nigra 	0	0	0	0	0	0	0	0	0	0	0	0	0	0	1	3	0	0.5	4	0	0	5	0	0	0	0	0	20	0	15	0	42	28	0	25	0	0	5	31	5	0	0	1	0	0	0	0	3	0	0	0	62.5	0	3	37.5	0.1
Potentilla montana	0	0	0	0	0	0	0.04	0	0	0	0	0	0	0	0	0	0	0	0	0	0	0	0	0	0	0	0	0	0	0	0	0	0	0	0	0	0	0	0	0	0	0	0	0	0	0	0	0	0	0	0	0	0	0	0	0
Potentilla reptans	0	0	0	0	0	0	0	0	0	0	0	0	0	0	0	0	0	0	0	0	0	0.01	0.0005	0	0	0	0	0	0	0	0	0	0.0005	0.0005	0	0	0	0	0	0	0	0	0	0	0	0	0	0	0	0	0	0	0.0015	0.001	0	0
Potentilla sterilis	0.03	0	1.2	0.9	0.15	0.05	1.35	0	0.02	0	0	0.04	0	0.015	0	0	0	0	0	0	0	0.015	0	0.005	0.5	0	0	0	0	0	0	0	0	0	0	0	0	0	0	0	0	0.15	0.135	0.005	0.015	0	0.05	0.05	0	0	0	0	0	0	0	0
Primula elatior	0	0	0	0.7	0.35	0	0	0.25	3.1	0.25	2.25	0.14	0.025	0	0	0	0	0	0	0	0	2	0	8	3	6	0	0	0	0	0	0	0	0	0	0	0	0	0	0	0	0	0	0.125	1.05	0.9	1	0	0	0	0	0	0	0	0	0
Primula veris	0	0	0	0	0	0	0	0	0	0	0	0	0.03	0.003	0.3	0.2	0	0	0	0	0	0	0	0.2	0	0	0	0	0	0	0	0	0	0	0	0	0	0	0	0	0	0	0	0	0	0	0	0	0	0	0	0	0	0	0	0
Prunella vulgaris	0	0	0	0.0001	0.005	0	0	0	0	0	0	0.0025	0	0.03	0	0.075	0.0005	0	0.01	0.104	0.035	0	0	0.0475	0.021	0.015	0.025	0	0	0	0.0045	0.1005	0.0205	0.25	0.0025	0	2	0.01	0	0	1.45	0	0	0	0.055	0	0	0.05	1.6	0.05	0.05	0	0.21	0.025	0	0
Prunus armeniaca 	0	0	0	0	0	0	0	0	0	0	0	0	0	0	0	0	0	0.1	0	0	0	0	0	0	0	0	0	0	0	0	0	0	0	0	0	0	0	0	0	0	0	0	0	0	0	0	0	0	0	0	0	0	0	0	0	0
Prunus avium 	0	0	0	0	0	0	0	0	0	0	0	0	0	0	0	0	0	0	0	0	0	0	0	0.005	0	0	0	0	0	0.02	0	0	0	0.625	0	0	0	0	0	0	0	0	0	0	0	0	0	0	0	0	0	0	0	0	0	0
Prunus domestica 	0	0	0	0	0	0	0	0	0	0	0	0	0	0	0	0	0	0	0	0	0	0	0	0	0	0	0	0	0	0	0	7.04	0	0	0	0	0	0	0	0	0	0	0	0	0	0	0	0	0	0	0	0	0	0	0	17.5
Prunus insititia	0	0	0	0	0	0	0	0	0	0	0	0	0	0	0	0	0	0.2	0.0035	2.2	2.3	0	0	0	0.0065	0	0.155	15.14	5.625	1.015	1.35	1.8	0.2	0.005	0	35.35	0.35	0	0	0	0	0	0	1.68	0.01	0	0	0	0	0	0	0	0	0.005	0	0
Prunus spinosa	0	0	0	0	0	0	0	0	0	0	0	0.005	0.005	0	0.1025	2.45	0.13	1.4	0	0	1.55	0.015	0.5055	0.155	0	0	0	0	0	0	0	0	0	0	0	0	0	0	0	0.2	0	0	0.005	0	0	0	0.25	0.05	3	0	0	0	0	0	0.05	0
Pteridium aquilium	0	0	0	0	0	0	0.0005	0	0	0	0	0	0	0	0	0	0	0	0	0	0	0	0	0	0.15	0	0	0	0	0	0	0	0	0	0	0	0	0	0	0	0	1.05	0.75	0	0	0.04	0	0	0	0	0	0	0	0	0	0
Pulicaria dysenterica 	0	0	0	0	0	0	0	0	0	0	0	0	0	0	0	0	0	0	0	0	0	0	0	0	0	0	0	0	0	0	0	0	0	0	0	0	0	0	0	0	0.005	0	0	0	0	0	0	0	0	0	0	0	0	0	0	0
Pulmonaria affinis 	0	0	0	0	0	0	0	0	0	0	0	0	0	0	0	0	0	0	0	0	0	0.3	0.3	0.05	0	0	0	0	0	0	0	0	0	0	0	0	0	0	0	0	0	0	2.75	0.2	1.25	0.11	0	0	0	0	0	0	0	0	0	0
Pulmonaria longifolia	0	0	0	0	0	0	0.155	0	0	0	0	0	0	0	0	0	0	0	0	0	0	0	0	0	0	0	0	0	0	0	0	0	0	0	0	0	0	0	0	0	0	0	0	0	0	0	0	0	0	0	0	0	0	0	0	0
Quercus faginea	0	0	0	0	0	0	0	0	0	0	6	0	0	0	0	0	0.5015	0	0.005	0.152	0.025	0	0	0	0	0	0	0.005	0.005	0.01	0.075	0.009	0.1001	0.025	0	0	0	0.0055	0	0	0	0	0	0	0	0	0	0.05	0.005	0	0	0.1	0	0.012	0.05	0
Quercus petraea 	0	0	0	0	0	0	0	0	0	0	0	0	0	0	0	0	0	0	0	0	0	0	0	0	0	0	0	0	0	0	0	0	0	0	0	0	0	0	0	0	0	0.015	3.5	0.0405	0.005	0	0	0	0	0	0	0	0	0	0	0
Quercus petraea x pubescens	0	0	0	0	0	0	0	0	0	0	0	0	0	0	0	0	0	0	0	0	0	0.05	0	0	0.03	0	0	0	0	0	0	0	0	0	0	0	0	0	0	0	0	0	0	0	0	0	0	0	0	0	0	0	0	0	0	0
Quercus pubescens	0	0	0	0	0	0	0	0	0	0	0	0	0	0.005	0.01	3	0	0	0	0	0	0	0.0015	0	0	0	0	0	0	0	0	0	0	0	0	0	0	0	0	0	0	0	0	10.005	0	5.0305	0.0045	0	0.001	0	0	0	0	0	0	0
Quercus pyrenaica 	0.1	0	0	0	0	0	0	0	0	0	0	0	0	0	0	0	0	0	0	0	0	0	0	0	0	0	0	0	0	0	0	0	0	0	0	0	0	0	0	0	0	0	0	0	0	0	0	0	0	0	0	0	0	0	0	0
Quercus robur	45	85	85	25	65	65	10	6	0	0	0	0	0	0	0	0	0	0	0	0	0	0	0	0	0	0	0	0	0	0	0	0	0	0	0	0	0	0	0	0	0	0	0	0	0	0	0	0	0	0	0	0	0	0	0	0
Quercus robur x faginea	0	0	0	0	0	0	0	0	0	43	0	0	0	0	0	0	0	0	0	0	0	0	0	0	0	0	0	0	0.005	0.0025	0	0	0	0	0	0	0	0	0	0	0	0	0	0	0	0	0	0	0	0	0	0	0	0	0	0
Ranunculus acris	0	0	0	0	0	0	0	0	0	0	0	0.01	0.09	0.016	0.005	0.003	0	0	0	0.0415	0	0.02	0	0.03	0.0505	0.075	0.35	0.05	0.015	0.055	0	0	0	0.0025	0	0.0005	0.045	0	0	0	0.005	0	0	0.0035	0	0	0.05	0	0.04	0	0.05	0	0.01	0.001	0.05	0.05
Ranunculus auricomus 	0	0	3.5	0	0	0	0	0	0	0	0	0	0	0	0	0	0	0	0	0	0	0	0	0	0	0	0	0	0	0	0	0	0	0	0	0	0	0	0	0	0	0	0	0	0	0	0	0	0	0	0	0	0	0	0	0
Ranunculus ficaria 	0	1.755	2.75	17.5	12.5	0	6.25	0	6.5	0.01	0.175	0	0	0	0	0	0	0	0	0	0	0	0	0	0	0	0	0	0	0	0	0	0	0	0	0	0	0	0	0	0	0	0	0	0	0	0	0	0	0	0	0	0	0	0	0
Ranunculus repens	0	0	0	0	0	0	0.05	0	0.005	0	0	0.005	0.01	0	0	0	0	0	0	0	0	0	0	0.015	0	0.15	0.05	0	0	0.035	0	0	0	0	0	0	0.0175	0	0	0	0.0035	0.1	0	0	0.0255	0	0.005	0.05	0	0	0.05	0	0.01	0.0025	0	0
Ranunculus tuberosus	0	0	0	0	0.001	0	1.3	0	0	0	0	0	0	0	0	0	0	0	0	0	0	0	0	0	0	0	0	0	0	0	0	0	0	0	0	0	0	0	0	0	0	0	0	0	0	0	0	0	0.005	0	0	0	0	0	0	0
Rhamnus alaternus 	0	0	0	0	0	0	0	0	0	0	0	0	0	0	0	0	0	0	0	0	0	0	0	0	0	0	0	0	0	0	0	0	0	0	0	0	0	0	6.005	0	0.01	0	0	0	0	0	0	0	0	0	0	0	0	0	0	0
Rhamnus cathartica	0.001	0	0.005	0.0055	0	0	0	0	0	0.00005	0	0.005	0	0	0	3	0	0	0	0	0	0	0	0	0	0	0.0015	0	0	0.21	0	0	0.01	0.3	0.3	12	0	0	0	0.1	0.015	0	0	3	0	0	0	0	0.0005	0	0	5	0	0.0145	0.05	0
Ribes alpinum 	0	0	0	0	0	0	0	0	0	0	0	0	0	0	0	0	0	0	0	0	0	0	0	0	0	0	0	0	0	0	0	0	0	0	0	0	0	0	0	0	0	0	0	0	0	0	0.6	0	0	0	0	0	0	0	0	0
Rosa arvensis	0.11	0	0	0.025	0.03	7.1	0.4	0.0005	0.025	0.5	1.5	0.155	0.3	0.28	2.525	2.5	0	0	0	0.25	0.05	0.306	1.75	0.3	0.019	3.25	0.05	0.24	0	0	0	0	0	0.1	0	0.015	0	0	0	0	0	0.15	1.65	13.85	0.3	0	14.5	0.55	0.77	3	3	0	0	4.25	0	0
Rosa canina 	0	0	0	0	0.025	0	0	0	0	0	0	1.005	1.05	0	1.1	0	1.75	4.75	0	0.8	0.2	0.1	0.1	0.005	0	0.06	0	0.6	0.01	0.03	0	0.25	2	3.05	4.55	0	0.1	1.25	0.3	0.25	0.36	0	0	0.1	0	0.2	1	0	1.25	0.55	0	0.15	1.85	3.3	0.05	37.5
Rosa pimpinellifolia 	0	0	0	0	0	0	0	0	0	0	0	0	0	0	0	0	0	0	0	0	0	0	0	0	0	0	0	0	0	0	0	0	0	0	0	0	0	0	0	0	0	0	0	0	0	0	0	0	0	0	0	0	0.15	0	0	0
Rosa tomentosa 	0	0	0	0	0	0	0	0	0	0	0	0	0	0	0	0	0	0	0	0	0	0	0	0	0	0	0	0	0.0025	0	0	0	0	0	0	0	0	0	0	0	0	0	0	0	0	0	0	0	0	0	0.05	0	0	0	0	0
Rubia peregrina	0	0	0	0	0	0	0	0	0	0	0	0.1	0	0	0.105	0.0165	0.0075	0	0	0	0.0005	0	0	0	0	0	0.025	0	0	0	0.004	0	0	0.001	0	0	0	0.25	0.004	0	0	0	0	0	0	0.015	0	0	0.025	0	0	0	0.0005	0.003	0	0
Rubus caesius	0	0	0	0	0	0	0	0.15	0	0	0.025	3.5	23	2	8.1	1.5	4.5	12.725	3.6	2.8	10	4.75	0.5	1.4	0.14	0.35	14.6	26.5	1.5	31.5	3.25	6	7.1	7.75	16.5	4.5	28.05	19.25	1.15	19	9.4	4.25	23.6	4.25	6.7	0.55	1	0	1.8	0.05	3	15	18.5	4	0	17.5
Rubus ulmifolius	0	0	0	0	0.05	0.1	0	0	25	0	0	0.5	0	2.25	0	0	3.05	7.1	3.3	3.3	0	0	0.15	0.15	0.075	0	0	8	1.055	0.8005	0	0	1.12	3.1	4.5	5.5	0	0.255	0.3	0.55	0.0215	0.3	4.8	0	0	0.55	0	0	2.05	0.1	0.05	0.1	11.5	5.5	0	17.5
Rumex acetosa 	0	0	0	0	0	0	0	0	0	0	0	0	0	0	0	0	0	0	0	0	0	0	0	0	0	0	0	0	0	0	0	0	0	0	0	0	0	0	0	0	0	0	0	0	0	0	0	0	0.0015	0	0	0	0	0	0	0
Rumex conglomeratus 	0	0	0	0	0	0	0	0	0	0	0	0	0	0	0	0	0	0	0	0.04	0.075	0	0	0	0	0	0	0	0	0	0	0.16	0	0	0.2	0	0	0	0	0	0	0	0	0	0.105	0	0	0	0	0	0	0	0	0	0	0
Rumex crispus	0	0	0	0	0	0	0	0	0	0	0	0	0	0	0	0	0	0	0	0	0.015	0	0	0	0	0	0	0	0	0	0	0	0	0	0	0	0	0	0	0	0	0	0	0	0	0	0	0	0	0	0	0	0	0	0	0
Rumex sanguineus	0	0	0	0.005	0.015	0	0	0	0	0	0	0	0.02	0	0	0	0	0.25	0	0	0.05	0	0	0	0	0	0	0	0	0	0	0	0	0.005	0	0	0	0	0	0	0.0055	0	0	0	0	0	0	0	0	0.05	0	0	0	0	0	0
Ruscus aculeatus	0.6	4.65	0.0025	0.75	0.15	4.25	0.55	0.7	0	47.5	0	0	0	0	0.25	0.165	0.15	0	0	0	0	0	0	0	0	0	0	0	0	0	0.125	0	0	0	0	0	0	0.6	6.075	0	0	0	0	0.103	0.01	1.15	0	0	1	0	0	0	0.5	1.501	0	0
Salix alba 	0	0	0	0	0	0	0	0	0	0	0	0	0	0	0	0	60	0	0	0	0	0	0	0	0	0	6	0	0	12	0	0	0	35	0	35.01	40	0	0	0	0	0	0	0	0	0	0	0	0	0	0	0	0	0	0	0
Salix atrocinerea 	0	0	0	0	0	0	0	0	0	0	0	0	1	0	0	0	0	0	0	0	0	6	0	0	16	0	5	0	0	0	0	0	0	0	0	0	0	0	0	0	7	0	0	0	0	0	0	0	0	0	0	0	0	0	0	0
Salix caprea 	0	0	0	0	0	0	0	0	0	0	0	0	0	0	0	0	0	0	0	0	0	0	0	0	0	0	0	0	0	0	0	0	0	0	0	0	0	0	0	0	0	0	0	0	0	0	1.5	0	0	0	0	0	0	0	0	0
Salix eleagnos 	0	0	0	0	0	0	0	0	0	0	0	0	0	0	0	1.5	0	0	0	0	0	0	0	0	0	0	4	0	0	0	0	0	0	0	0	0	0	0	0	0	0	0	0	0	0	0	0	0	0	0	0	0	0	0.1055	0	0.5
Salix purpurea 	0	0	0	0	0	0	0	0	0	0	0	0	0	0	0	0	0	0	0	0	0	0.5	0	0.8	0	0	0	0	0	0.01	0	0	0	0.005	0.3	0	1	0	0	0	0	0	0	0	0	0	0	0	0	0	0.1	0	0	0.555	0	0
Salix triandra 	0	0	0	0	0	0	0	0	0	0	0	0	0	0	0	0	0	0	0	0	0	0	0	0	0	0	0	0	0	0	0	0	0	0	0	0	0	0	0	0	0	0	0	0	0	0	0.01	0	0	0	0	0	0	0	0	0
Sambucus ebulus 	0	0	0	0	0	0	0	0	0	0	0	0	0	0	0	0	0	0	0	0	0	0	0	0	0	0	0	0	0	0.05	0	0	0.5	0	0	0	0	0	0	0	0	0	0	0	0	0	0	0	0	0	0	0	0	0	0	0
Sambucus nigra	0	0	0	0	0.25	0.5	0	8	1	0	1.9	0	0	1.50025	0.1005	0	0	0.6	0	0	0	0.05	5.05	0	0	0.02	0	2	0.43	0	0	0	0	0.001	0	0	0.1	0	0	0.05	0	8.1	0	0	0	0	0	0	0	0	5	0	0.5	0	0	17.5
Sanguisorba minor 	0	0	0	0	0	0	0	0	0	0	0	0	0	0	0	0	0	0	0	0	0	0	0	0	0	0	0	0	0	0	0	0	0	0	0	0	0	0	0	0	0	0	0	0	0	0	0	0	0.001	0	0	0	0	0	0	0
Sanicula europaea	0	0	0	0	0	0	0	0	0	0	0	0	0	0	0	0	0	0	0	0	0	0.0005	0	0	0	0	0	0	0	0	0	0	0	0	0	0	0	0	0	0	0	0	0	0	0	0	0.01	0	0	0	0	0	0	0	0	0
Saponaria officinalis 	0	0	0	0	0	0	0	0	0	0	0	0.015	1.2	0	0	0	0	0	0	0	0	0	0	0	0	0	0	0	0	0	0	0	0	0	0	0	0	0	0	0	0	0	0	0	0.505	0	0	0	0.0075	0	0	0	0	0.037	0	0
Saxifraga hirsuta 	0	0	0	0	0	0	0	0	0	0	0	0	0	0	0	0	0	0	0	0	0	0.45	0	0.475	0.15	0.3	0	0	0	0	0	0	0	0	0	0	0	0	0	0	0	0.05	0.3	0.15	0.165	0.02	0.005	0	0	0	0	0	0	0	0	0
Scilla lilio-hyacinthus	0	0.05	0	0	0.15	0	0	0	0	0	0	0	0	0	0	0	0	0	0	0	0	0	0	0	0	0	0	0	0	0	0	0	0	0	0	0	0	0	0	0	0	0.05	0	0.005	0.05	0	0	0	0	0	0	0	0	0	0	0
Scirpus holoschoenus 	0	0	0	0	0	0	0	0	0	0	0	0	0	0	0	0	0	0.02	0	0	0	0	0	0	0	0	0	0	0	0	0	0	0	0	0	0.0005	0	0	0	0	0	0	0	0	0	0	0	0	0	0	0	0	0	0	0	0
Scrophularia alpestris 	0	0	0	0	0	0	0	0	0	0	0	0	0	0	0	0	0	0	0	0	0	0.15	0	0	0	0.05	0	0	0	0	0	0	0	0	0	0	0	0	0	0	0	0.1	0	0	0	0	0	0	0	0	0	0	0	0	0	0
Scrophularia auriculata 	0	0	0	0	0	0	0	0	0	0	0	0	0	0	0	0	0	0	0	0	0	0	0	0	0.065	0.0025	0	0	0	0	0	0	0	0	0	0	0.011	0	0	0	0	0	0	0	0.015	0	0	0	0	0	0	0	0	0	0	0
Silene dioica	0	0	0	0	4.3	0	0	1.9	2.5	0.215	1.3	0.0135	1.04	0.05	0	0	0	0	0	0	0	0.001	0.155	0.15	0.4	0.401	0	0	0	0	0	0	0	0	0	0	0	0	0	0	0	0.25	0	0.015	0.05	0	0.005	0	0.005	0	0.05	0	0	0	0	0
Silene latifolia subsp alba	0	0	0	0	0	0	0	0	0.0002	0	0	0	0	0	0	0	0	0	0	0	0	0	0	0	0	0	0	0	0	0	0	0	0	0	0	0	0	0	0	0	0	0	0	0	0	0	0	0	0	0	0	0	0	0	0	0
Silene nutans	0	0	0	0	0	0	0	0	0	0	0	0	0	0	0	0.75	0	0	0	0	0	0	0	0	0	0	0	0	0	0	0	0	0	0	0	0	0	0	0	0	0	0	0	0	0	0	0	0	0	0	0	0	0	0	0	0
Silene vulgaris	0	0	0	0	0	0	0	0	0	0	0	0	0.08	0	0	0	0	0	0	0	0.05	0.15	0.15	0.055	0	0.1	0	0	0	0	0	0	0	0	0	0	0	0	0	0	0	0	0	0	0	0	0.1	0.05	0.304	0	0	0	0	0.04	0	0
Sison amomum 	0	0	0	0	0	0	0	0	0	0	0	0	0	0	0	0	0	0	0	0	0	0	0	0	0	0	0	0	0	0	0	0	0	0	0.0005	0	0	0.05	0	0	0	0	0	0	0	0	0	0	0.0025	0	0	0	0	0	0	0
Sisymbrium austriacum 	0	0	0	0	0	0	0	0	0	0	0	0	0	0	0	0	0	0	0	0	0	0	0	0	0	0	0	0	0	0	0	0	0	0	0	0	0	0	0	0	0	0.001	0	0	0.6	0	0	0	0	0	0	0	0	0	0	0
Solanum dulcamara 	0	0	0	0	0	0	0	0	0	0	0	0	0	0	0	0	0	0	0	0	0	0	0	0	0	0	0.55	0	0	0.025	0.02	0	0	0.025	0	0	2	0	0.0005	0	0	0	0	0	0	0	0	0	0	0	0	0	0	0	0	0
Solidago virgaurea	0	0	0	0	0	0	0	0	0	0	0	0	0	0	0	0	0	0	0	0	0	1.75	0	0.35	0	0	0	0	0	0	0	0	0	0	0	0	0	0	0	0	0	0	0	0	0.005	0	0.2	0	0	0	0	0	0	0	0	0
Sonchus oleraceus 	0	0	0	0	0	0	0	0	0	0	0	0	0	0	0	0	0	0	0	0.002	0.105	0	0	0.0005	0	0	0	0	0	0	0	0.005	0	0.03	0.0005	0.001	0.015	0	0.0005	0	0.0055	0	0	0	0	0	0	0	0	0	0	0	0.0005	0.001	0	0
Sorbus aria 	0	0	0	0	0	0	0	0	0	0	0	0	0	0	0	0	0	0	0	0	0	0	0	0	0	0	0	0	0	0	0	0	0	0	0	0	0	0	0	0	0	0	0	0	0	0	0.1	0	0	0	0	0	0	0	0	0
Sorbus aucuparia 	0	0	0	0	0	0	0	0	0	0	0	0	0	0	0	0	0	0	0	0	0	0	0	0	0	0	0	0	0	0	0	0	0	0	0	0	0	0	0	0	0	2.51	0.2	0	0	0	0	0	0	0	0	0	0	0	0	0
Sorbus torminalis	0	0	0	0	0	0	0	0	0	0	0	0.015	0	0	0.015	0.04	0	0	0	0	0	0	0	0	0	0	0	0	0	0	0	0	0	0	0	0	0	0	0	0	0	0	0	0	0	0	0	0	0	0	0	0	0	0	0	0
Stachys officinalis 	0	0	0	0	0	0	0.005	0	0	0	0	0	0.04	0	0	0	0	0	0	0.005	0	0	0	0	0	0	0.0355	0	0	0	0	0	0	0	0	0	0	0	0	0	0	0	0	0	0	0.15	0	0	0	0	0	0	0	0	0	0
Stachys sylvatica 	0	0	0	0	0	0	0	0	0	0	0	0	0	0	0	0	0	0	0	0	0	0	0.015	0.05	0.025	1.5	0	9.5	0	1	0	0	0	0	0	0	0	0	0	0	0	0.4	0	0.55	0.5	0	0.005	0	0	0.55	0	0	0.1	0	0	0
Stellaria holostea	0	0	0	1.75	1.01	0.175	0.15015	0	0.4	0	0	0.01	0.015	0	0.005	0.001	0	0	0	0	0	0	0.051	0.0025	0.0035	0	0	0	0	0	0	0	0	0	0	0	0	0	0	0	0	1.6	1.5	0.03	0.0005	0.0005	0.251	0	0.01	0	0	0	0	0	0	0
Stellaria media 	0	0	0	0.155	0	0	0	0	0	0	0	0	0	0	0	0	0	0	0	0	0	0	0	0	0	0	0	0	0	0	0	0	0	0	0	0	0	0	0	0	0	0	0	0	0	0	0	0	0	0	0	0	0	0	0	0
Symphytum tuberosum 	0	12.5	26.5	0.035	0.4	18.25	0.015	0	6.5	3.5	0.625	0	0	0	0	0	0	0	0	0	0	0	0	0.005	0	0.045	0	0	0	0	0	0	0	0	0	0	0	0	0	0	0	0	0	0	0	0	0	0	0	0	0	0	0	0	0	0
Tamus communis	0	0	0	0	0	0.0001	0	0	0	0	0	0	0	0	0	0	5.1005	1.5	2	0.01	0.03	0.156	0	0.55	0.01	0.05	0.01	0	0.61	0.11	0.16	0	0.0355	0.0005	0	0.13	0	0.7	0	0	0	0	0	0	0.03	0.2	0.005	0	0	0	0	0	0	0	0	0.05
Tanacetum corymbosum 	0	0	0	0	0	0	0	0	0	0	0	0	0	0	0	0.005	0	0	0	0	0	0	0	0	0	0	0	0	0	0	0	0	0	0	0	0	0	0	0	0	0	0	0	0	0	0	0	0	0	0	0	0	0	0	0	0
Taraxacum officinale	0	0	0	0.05	0	0	5	0	0	0	0	0.04	0.005	0	0	0	0	0.001	0	0	0	0	0	0	0	0.025	0	0	0	0	0	0	0	0	0	0	0.005	0	0	0	0.035	0	0	0	0	0	0	0	0.05	0	0	0	0	0	0	0
Teucrium scorodonia 	0	0	0	0	0	0	0	0	0	0	0	0	0	0	0	0	0	0	0	0	0	0	0	0.005	0	0	0	0	0	0	0	0	0	0	0	0	0	0	0	0	0	0	0	0	0	0.14	0	0	0	0	0	0	0	0	0	0
Thalictrum minus	0	0	0	0	0	0	0	0	0	0	0	0	0	0	0	0	0	0.1	0.004	0.03	0	0	0	0	0	0	0	0	0	0	0.05	0	0	0	0	0	0	0.85	0	0	0	0	0	0	0	0	0	0	0	0	0	0	0	0	0	0
Thalictrum tuberosum 	0	0	0	0	0	0	0	0	0	0	0	0	0	0	0	0	0	0	0	0	0	0	0	0	0	0	0	0	0	0	0	0	0	0	0	0	0	0	0	0	0	0	0	0	0	0	0	0	0	0	0	0	0	0.005	0	0
Tilia platyphyllos	0	0	0	0	0	0	0	0	0	0	0	10.85	0.04	0.41	0.15	8.055	0	0	0.1	0	0	0.901	0.01	1.55	0.006	6.55	0	0	0	0	15	0	0	0.0505	0	0	0.001	0	0	0.2	0	0	37.3	1.135	0	20.1	0.05	0	0	0	0	0.1	0	0.001	17.55	0
Torilis arvensis	0	0	0	0	0	0	0	0	0	0	0	0.02	0	0	0	0	0	0	0.005	0.01755	0.1505	0	0	0	0	0	0	0	0.035	0	0	0.075	0.001	0.3	0.055	0.1	0.0025	0.205	0.0175	0.0255	0.06	0	0	0	0	0	0.016	0.05	0.15	0.05	0	0.05	1.25	0.053	0.05	0
Torilis japonica	0	0	0	0	0	0	0	0	0	0	0	0	0.025	0.0255	0.105	0.0155	0.2005	0	0	0	0	0.004	0.0305	0.0075	0.0105	0	0	0	0	0	0	0	0	0	0	0	0	0	0	0	0	0.0055	0.0005	0	0.0085	0	0	0	0	0	0	0	0	0	0	0
Trifolium fragiferum 	0	0	0	0	0	0	0	0	0	0	0	0	0	0	0	0	0	0	0	0	0	0	0	0	0	0	0	0	0	0	0	0	0	0	0	0	0	0	0	0	0	0	0	0	0	0	0	0	0	0	0	0	0	0	0.05	0
Trifolium pratense	0	0	0	0	0	0	0	0	0	0	0	0.0065	0.001	0	0.0015	0.0355	0	0	0	0.003	0	0	0	0.0155	0.0005	0	0	0	0	0	0	0	0	0.0005	0.001	0	0	0.0005	0	0	0.0055	0	0	0	0.0025	0	0.003	0	0.01	0	0	0	0	0.003	0	0
Trifolium repens	0	0	0	0	0	0	0	0	0	0	0	0.0005	0.0005	0	0	0	0	0	0	0.004	0	0	0	0.0005	0	0	0	0	0	0	0	0	0	0	0	0	0	0	0	0	0	0	0	0	0.002	0	0	0.05	0.008	0	0	0.05	0	0.0035	0	0
Tussilago farfara	0	0	0	0	0	0	0	0	0	0	0	0	0	0	0	0	0	0	0	0	0	0	0.02	0.6	0	0	0	0	0	0	0	0	0	0.0055	0	0	0	0	0	0	0	0	0	0	0	0	0	0	0	0	0	0	0	0.016	0	0
Ulmus glabra	0	0	0	0	0	0	0	0	0	0	0	0	0	0	0	0	0	0	0	8.525	0	0.2	12.55	3.45	0.17	0	0	0	0	0	0	0.8	0	19	0	0	0	0	0	0.1	0	0	3.18	0	5.35	0.001	4.0505	3	16	0.1	37.5	0	0	0	0	0
Ulmus minor	0	0	0	0	0	0	0	0	0	0	0	0	0	0	0	0	35.5	20.425	55.07	11	19.15	0	0	0	0	7.925	2.035	0	12	12.015	79.05	22.25	40.75	0	23.6	28.11	1.5005	72	8.075	0	17.5	0	0	0	0	0	0	0	0	0	0	0	0.045	0.015	17.5	0
Urtica dioica	0	0	0	0	0.165	0.11	0	0.0055	0.2	0	0	0.015	1	0	0	0	0	0.005	0	0	0.0005	0	0	0	0.005	0.0255	0	1.6	0	2.03	1.28	0.03	0	0.0055	0.755	0	0	0	0.0005	0	0	0.025	0	0.005	0.055	0	0	0	0	0	0	0	0	0	0	0
Valeriana officinalis 	0	0	0	0	0	0	0.04	0.0025	0	0	0	0	0	0	0	0	0	0	0	0	0	0	0	0	0	0	0	0	0	0	0	0	0	0	0	0	0	0	0	0	0	0	0	0	0	0	0	0	0	0	0	0	0	0	0	0
Valeriana pyrenaica 	0	0	0	0	0	0	0	0	0	0	0	0	0	0	0	0	0	0	0	0	0	0	0.1	0	0	0.15	0	0	0	0	0	0	0	0	0	0	0	0	0	0	0	0.1	0	0	0.25	0	0	0	0	0	0	0	0	0	0	0
Verbena officinalis 	0	0	0	0	0	0	0	0	0	0	0	0	0	0	0	0	0	0	0	0	0	0	0	0	0	0	0	0	0	0	0	0	0	0	0	0	0	0	0	0	0	0	0	0	0	0	0	0	0.0005	0	0	0	0	0	0	0
Veronica chamaedrys	0	0	0.0075	0.01	0	0	0.45	0	0	0.03	0.25	0.01	0.45	0.3	0.2	0.06	0	0	0	0	0.035	0.25	0.005	0.045	0.12	0.0005	0	0	0	0	0	0	0	0	0	0	0	0	0	0	0	0	0.15	0	0.036	0.0005	0.5	0.05	1	0.05	0.05	0.05	0	0.002	0	0
Veronica hederifolia 	0	0	0	0.01	0	0	0	0	0	0.003	0	0	0	0	0	0	0	0	0	0	0	0	0	0	0	0	0	0	0	0	0	0	0	0	0	0	0	0	0	0	0	0	0	0	0	0	0	0	0	0	0	0	0	0	0	0
Veronica montana	0	0	0.255	1	0.375	0	0.2015	0.0005	5.505	0	0.001	0	1.05	0.055	0.1005	0	0	0	0	0	0	0.25	0.12	0.25	0.6015	0.125	0	0.7	0	0.005	0.02	0	0.015	0	0.0025	0	0	0	0	0	0	4.25	0.0015	0.15	0.11	0.0025	0.1005	0	0	0.05	0	0	0.045	0	0	0
Veronica officinalis 	0	0	0	0	0	0	0	0	0	0	0	0	0	0	0	0	0	0	0	0	0	0	0	0.005	0	0	0	0	0	0	0	0	0	0	0	0	0	0	0	0	0	0	0	0	0	0	0	0	0	0	0	0	0	0	0	0
Veronica ponae	0	0	0	0	0	0	0	0	0	0	0	0.015	0	0	0	0	0	0	0	0	0	0	0	0	0	0.15	0	0	0	0	0	0	0	0	0	0	0	0	0	0	0	0	0	0.04	0	0.005	0.3	0	0	0	0	0	0	0	0	0
Viburnum lantana	0.01	0	0	0	0	0.08	0	0	0	0	0	0.035	0.045	0.025	0.026	2.115	12.03	1.535	1.35	0.0035	0.125	0.5	0	0.35	0.005	0.03	2.155	0	0	0	4.03	7.015	0	0.125	0	0	0	0.01	0	0	0.025	0	0	0.05	0	0.2385	1.65	0.05	1.27	0.1	0	17.5	5.02	12.401	5	0
Viburnum opulus	0.15	0	0	0	0	0	0	0	0	0	0	0	0	0	0	2	0	0	0	0	0	2.3	0	0	0.2	3.1	0	4.75	0	0	0	0	0	0	0	0	0	0	0	0	0	0.1	0	0.15	0.21	0.5	2.25	0.55	2.15	0	0.05	3	2.05	0	0	0
Viburnum tinus 	0	0	0	0	0	0	0	0	0	0	0	0	0	0	0	0	0	0	0	0	0	0	0	0	0	0	0	0	0	0	0	0	0	0	0	0	0	0	0	2.15	0	0	0	0	0	0	0	0	0	0	0	0	0	0	0	0
Vicia cracca	0	0	0	0	0	0	0	0	0	0	0	0	0	0	0	0.005	0	0	0	0	0	0	0	0.15	0	0.15	0	0	0	0	0	0	0	0	0	0	0	0	0	0	0	0	0	0	0	0	0	0	0	0	0	0.05	0	0	0	0
Vicia sepium	0	0	0	0.0075	0.005	0	0.5003	0	0	0	0	0.51	0.04	0	0.01	0.5	0	0	0	0	0	0	0	0.55	0.1	0	0	0	0	0	0	0	0	0	0.025	0	0	0	0	0	0	0	0.35	0.55	0.3	0	1.1	0.05	0	0.05	0	0	0	0	0	0
Viola alba	0	0	0	0.055	0	0	0	0	0	0.0015	0	0	0	0	0	0	0	0	0	0	0	0	0	0	0	0	0	0	0	0	0	0	0	0	0	0	0	0	0	0	0	0	0	0	0	0	0	0	0	3	0	0.05	0	0	0	0
Viola hirta	0	0	0	0	0	0	0	0	0	0	0	0.085	0.15	0.009	1.5	1.25	2.1	0.005	0.95	0.75	0.125	0	0	0	0	0	0	1	5.5	0	0	0	0	0.002	0	0.035	0	1.25	0	0.09	0.01	0	0	0.102	0	0	0.02	0	0.65	0	0	0	0	0.04	0	0
Viola reichenbachiana	0.05	0	0.035	4	3.25	0.015	0.1	0.35	0.03	0.06	0.05	1.1	0.04	0.1	0.55	0.1	0.0265	0.5	0.95	0.9	0.2	2.5	3	2	10.5	0.4	0.1	2.3	5.5	0.005	1.4	0.0045	0.1	0.004	0	0	1.55	1.25	0	0	0.01	0.14	1.5	1.25	0.65	0.95	2.5	3	0.9	0.55	0.05	3	0.515	0.75	3	0.05
Viscum album 	0	0	0	0	0	0	0	0	0	0	0	0	0.5	0	0	0	0	0	0	0	0	0	0	0	0	0	0	0	0	0	0	0	0	0	0	0	0	0	0	0	0	0	0	0	0	0	0	0	0	0	0	0	0	0	0	0
Vitis vinifera	0	0	0	0	0	0	0	0	0	0	0	0	0	0	0	0.005	0	0	0	0	1.05	0	0	0	0	0	1.15	0	0	0	0	0	0	0.1	0	0	0	6.4	4.525	0	0	0	0	0	0	0	0	0	1	0.55	0	0.05	9	0.1	0	0
Xanthium sp 	0	0	0	0	0	0	0	0	0	0	0	0	0	0	0	0	0	0	0	0	0	0	0	0	0	0	0	0	0	0	0	0	0	0	0	0	0.04	0	0	0	0	0	0	0	0	0	0	0	0	0	0	0	0	0	0	0
Xeranthemum cylindraceum 	0	0	0	0	0	0	0	0	0	0	0	0	0	0	0	0	0	0	0	0	0	0	0	0	0	0	0	0	0	0	0	0	0	0	0	0	0	0	0	0	0	0	0	0	0	0	0	0	0.005	0	0	0	0	0	0	0
